6000
3403 9000
4250 8989
827 8998
2360 8986
8111 8987
2847 8902
4834 8979
4893 8984
6652 8982
1940 8984
7519 8949
1070 8964
7181 8979
8744 8972
5439 8964
3394 8939
5476 8977
592 8942
248 8929
4847 8944
6381 8956
556 8952
3456 8932
2109 8747
7666 8950
6452 8902
6534 8911
575 8910
7093 8764
5065 8949
8869 8537
726 8924
2368 8829
5035 8949
7786 8892
8768 8933
4947 8760
2803 8869
6237 8684
5542 7664
5162 8915
5486 8887
5680 8689
4899 8912
2141 8861
623 8877
7443 8873
5380 8770
7110 8575
1033 8841
5868 8852
5265 8910
4646 8719
904 7887
1816 8859
2042 8548
1202 8554
3912 8880
2497 8866
3297 8826
5006 8885
1494 8412
2001 8870
18 8824
717 8537
6387 8870
3403 8863
2674 8774
837 8884
3559 8879
6959 8830
8317 8789
4962 8751
4151 8872
2371 8543
8020 8870
4734 154
1746 8842
4575 8467
5356 8833
8708 8693
8887 7995
3107 8792
152 7628
8422 8748
405 976
4719 8597
935 8730
4184 8709
2577 8855
5679 8820
6753 8022
7363 831
2780 8554
1358 5820
3671 8560
1146 8830
1088 8842
595 8690
4090 8762
7679 8566
3026 8037
6602 8802
2306 8748
5646 8775
3033 8815
4757 8756
1792 8799
926 8229
1366 6919
7982 8689
3587 8786
6568 7821
60 8773
5546 8563
4786 8740
8760 8511
8417 8633
4563 8070
2040 8786
5225 8663
2532 8188
5084 8454
8086 8445
5916 8621
1068 8459
285 8771
1195 6742
6582 8770
6166 8032
978 8125
7613 6952
903 8699
100 271
1480 8428
4951 8639
5050 8712
3831 8785
4005 8304
2906 8683
2246 8756
1499 133
1796 8713
7845 1726
3044 8458
7190 8607
3453 8600
4483 199
5386 280
8523 4585
2155 8537
1356 8557
8835 8110
4514 8317
4073 7596
505 8665
479 6032
8339 8594
2330 8753
3758 8345
5489 8386
2163 184
5140 8653
2308 8509
3836 7002
1193 6976
2310 7530
2273 8701
2081 8685
6676 8140
4551 8682
177 7466
4448 8234
3379 8406
118 8163
3853 6794
3758 4769
8616 8702
6041 8233
7153 8694
1366 7997
1979 8580
2590 8651
707 7695
7889 7408
1494 585
1500 8665
5762 7563
7968 8605
6833 8024
5371 8621
6243 8642
8395 7638
5642 8679
1712 8645
7970 7353
4922 7504
4031 531
2125 8661
4702 8571
7330 6682
3851 2632
3098 8638
5797 8316
3164 2475
7628 1373
1970 8567
4260 2055
5586 1497
1238 412
4707 7917
1555 8369
1391 392
2229 8617
8067 8624
1881 8378
6439 7232
6109 7932
7310 8426
3171 8483
7017 8630
6064 8509
8968 5746
4313 8512
8789 8539
7676 1838
5634 7788
1384 8662
4946 8662
2988 7666
1342 7392
3908 2558
3010 8338
8441 8561
4691 801
7616 2258
5746 40
8144 8515
24 8116
4412 1131
3937 2155
5008 7685
4153 7875
6424 8065
4092 8548
1704 8575
3512 8504
3126 8237
7640 162
8631 7996
6009 8007
5546 6183
6439 6017
1181 8201
4416 8431
178 8506
6567 8275
7509 6532
2749 8156
3297 8387
4314 7447
4069 1263
6122 903
1510 318
7052 437
874 7486
3685 8571
6304 7218
2377 8197
6234 8566
3554 454
6859 8543
5352 8099
7708 8013
8981 8543
7970 8542
4883 8373
3109 7623
7784 8413
7123 8550
3476 2672
4697 8257
3282 7857
8607 1174
1930 8517
6715 8444
4469 8159
4189 473
3835 7407
4772 2135
7908 8459
2774 7480
8239 8125
8064 8156
8198 8497
3190 7793
6126 6928
2456 7505
6505 7335
2946 514
8570 6935
2643 7813
7654 8518
4808 8274
8801 8456
5333 4516
2114 7521
473 8134
6169 6574
5352 113
8507 7937
3349 8323
1172 6560
5699 4565
3907 7211
5022 8430
4207 2739
2540 8273
5241 7861
1059 6781
7459 8451
522 7594
5910 3613
3863 7123
1293 5149
5550 6440
3777 8311
8942 8231
7196 8159
7070 506
4392 8375
804 8414
3886 3385
2513 724
2800 8256
656 1731
8458 7165
88 8457
7126 7081
8415 8320
4642 8131
5023 7882
6963 8282
1401 8399
3541 161
8243 6650
5976 8168
1677 61
4700 5254
1142 8143
828 8450
3392 7680
4248 7654
2498 8403
6874 8377
5959 7933
8162 8024
3361 1749
7637 8217
4765 8280
1423 8435
4161 8055
6432 8379
710 8441
1496 8427
6182 5458
1240 8408
7812 7004
1795 6707
4510 8259
3125 7507
1678 7481
2087 8337
4352 8429
7852 8392
747 4550
5451 7759
835 8271
4586 7864
1047 7635
1655 7629
1432 7743
1931 7953
1442 763
6500 7873
5337 6846
1826 7489
7307 7251
6389 7586
4094 936
1237 8197
946 8413
800 1034
8095 7470
873 1249
2169 8324
7142 5445
8700 7997
1191 8278
3210 8405
6076 1184
2627 7862
813 8144
2488 7746
7537 8295
3286 8310
7133 8036
1248 8349
813 7990
2044 8342
5894 8356
7349 3873
5781 8124
3897 8258
643 7768
6284 7488
4321 8235
7664 8306
84 8318
7285 8296
3344 8301
4156 7715
3787 8214
1184 5
6362 8343
5002 7979
6091 8327
1683 6709
1110 7345
2682 188
2050 8314
1544 7045
34 5980
8643 8298
2017 8354
3191 8101
7373 8002
5300 8110
260 6992
2166 3472
1280 8038
6851 713
8703 4605
7882 7543
8254 8013
7845 7321
7653 6940
3958 7480
1652 961
3777 8170
3396 7856
4154 5663
8615 8108
6617 6636
1609 8262
1421 5997
6897 6924
1992 7122
3758 1252
8273 6859
6907 700
2351 8272
4767 7361
4804 8149
1663 7610
4683 6899
2010 491
8807 7580
8951 364
4161 7776
4338 7996
5232 8260
3867 8238
952 8152
3121 7609
2107 7711
6331 1969
1611 4287
1412 7901
1720 2277
3142 8030
3042 2053
8919 405
1027 3721
3484 8028
3992 639
1682 8065
8356 7653
3810 7846
8321 161
7611 320
2615 6968
4485 556
5034 7648
2594 136
7121 8225
4887 7988
8502 7947
7790 7884
3437 7409
6957 8031
4661 7930
982 7704
3458 8119
5015 558
3218 7845
5495 7054
1146 7683
3262 7198
4668 7764
3101 8194
1909 7806
1286 7273
2614 7426
7620 7507
2964 7823
1127 7383
551 2325
5162 8158
4735 708
4982 1752
7049 7824
3099 412
8381 6533
4430 8079
746 7915
1047 6446
3924 8111
1186 4375
4878 6915
7918 8138
1574 2260
1243 3162
6885 7682
2021 7889
7629 534
5958 133
5641 5755
8039 7713
6233 6862
5071 7772
5913 6931
1659 7604
5677 6811
5987 2283
4771 8058
2501 185
1365 5939
4592 402
8092 8135
5943 7536
468 6880
4479 986
5789 2084
7856 400
1928 8082
8299 2232
2586 7942
8452 7544
6600 4611
5656 8014
7687 8162
93 6570
8144 2126
275 6971
491 3452
694 4908
3976 5273
5700 8020
187 3434
6869 7452
5053 1185
2859 6601
1387 112
7093 7762
3041 3778
4496 6341
8595 3188
1860 7556
7393 8080
350 773
6065 3323
7776 8058
2333 8120
1814 7759
4146 8111
2814 8133
8134 3541
1496 1146
6775 3357
3257 7717
5351 490
399 7795
5545 7340
5457 7209
5455 7423
2983 7335
4683 5236
1034 984
1309 4393
2961 6547
7281 2463
2615 3454
5618 6390
7484 8023
1372 449
7761 2497
1759 7605
7134 671
8414 7714
7058 6941
7063 8084
5401 3535
2430 1750
7441 834
2960 7672
4742 78
2885 6765
8346 7847
1746 7750
3557 896
3242 7119
3104 6512
341 4621
714 7974
6593 7988
5605 1090
3592 1335
5574 6671
1556 7538
8854 7274
8774 1580
5344 7921
8539 7660
8608 3460
4245 6246
4766 2290
4597 861
6426 4086
5577 7909
2373 876
8408 7126
8487 5514
3666 6180
6726 3009
6725 6527
8823 7644
8115 2025
6488 7096
5905 423
8632 8027
6862 6913
3144 6242
1158 6539
3027 7851
1787 7695
6302 5324
6350 464
1846 7193
1828 8025
918 5754
7905 7851
1945 8000
4196 534
5459 7102
294 7646
3296 7826
6895 7982
2912 7798
5469 7424
7711 2935
895 6917
7426 7723
5715 7338
2086 4737
7766 4249
5200 7829
8915 393
2554 1508
4003 2722
3637 318
4974 167
2837 1346
2610 1295
4614 7987
8060 7698
235 6908
8524 6893
4487 6146
6935 6739
38 7956
2624 1328
3842 7672
5454 5112
4903 7803
3082 4097
2596 306
3872 7314
2061 7207
4157 917
7477 7778
4571 11
3088 7789
4231 7028
8815 4679
7270 7573
1913 7637
1714 6563
5281 7937
1963 4594
1610 7742
3605 3142
5860 6771
5740 7507
6992 1394
3656 1660
830 6559
378 7126
1185 1545
8446 4024
4392 7637
5940 6718
7498 6650
1768 7644
3699 7565
8081 7192
7306 7662
1361 7177
7270 2863
8557 2025
4135 7614
291 7905
8738 2195
7518 1029
5502 6282
2713 4073
6127 7783
5896 5605
3304 2568
5449 1004
3191 7649
4512 6393
2099 7861
7132 7690
4253 4893
601 833
2366 5400
4447 4272
1432 7402
5869 1304
7496 2815
4668 6098
3330 980
6816 5601
3344 856
2700 7531
4602 7197
4014 1344
6485 7308
261 7813
8864 593
5895 5325
1249 1418
1268 6675
7931 6130
4466 3854
2270 7707
6466 2332
5504 7527
6227 7217
2660 7583
261 6756
4176 7770
7526 7695
3105 5039
3091 6933
2738 1665
4752 7007
5395 7783
5696 2285
6421 7248
6172 6820
6451 3992
2180 2460
1825 5850
4909 7813
2526 6386
6123 4529
5086 7690
2384 7726
1894 1652
5670 28
6092 1172
721 4578
7924 7554
7779 6634
4894 702
5124 7748
4483 1432
2972 7345
7606 5860
2224 7608
3835 7236
5484 7598
8682 1117
6428 5761
8643 556
6137 6654
1857 7367
8937 766
8891 3265
7847 7276
467 7607
7128 4136
5961 7542
6419 6986
5073 6941
7029 2988
6519 7162
7190 7179
6273 5114
4257 6492
5762 7037
7260 5828
8735 3868
6025 4094
1021 4342
1384 6984
984 7527
150 731
6919 2746
5656 5982
8841 82
8591 5924
5449 6705
1545 934
8569 6850
4486 229
6526 2463
7594 7553
3431 7621
8351 4385
5394 19
1021 495
2733 4645
556 6548
3053 7226
7990 56
7404 7694
5593 4255
3144 7686
7038 7678
8092 7646
1824 5471
8802 4569
4743 5823
1029 6669
7900 6005
2419 2384
8464 1375
508 556
3139 7700
4946 6784
8871 7563
3284 6880
8778 83
7312 6660
1230 5528
3886 3256
558 7345
6272 7569
1023 7635
2410 5393
7766 5867
2420 1548
4912 2247
6713 5352
572 542
3490 7014
1824 647
4647 6764
3530 1114
4717 6817
7348 5950
2130 1458
8105 7386
2256 6019
7255 7200
3433 6027
5416 7309
2163 218
8786 1904
6482 4428
4123 5096
8214 2814
895 6902
6476 7167
2770 4448
6127 793
4198 7554
6222 191
3184 5079
6734 7622
8843 833
40 7456
7582 1335
2227 2540
3443 3009
6293 7198
639 2128
1307 2106
8562 7437
6498 6453
643 2041
8198 7502
5288 6189
8918 6600
7774 5437
6334 5905
2628 6343
8483 7008
1963 3004
4389 127
4701 3666
5721 4325
3265 3706
165 1625
4255 7015
4569 3163
2321 7214
7737 2275
6562 2914
1483 150
3305 3633
1823 1495
1063 5488
1799 6738
2748 1647
4411 6208
651 1532
3738 7104
4026 2178
4559 4166
1122 1275
3048 6865
6897 6100
7854 1376
333 1061
6855 2502
773 5269
4726 1258
3461 7323
3504 213
6250 7469
8785 7196
408 6882
2287 6892
3016 5612
7192 7311
8647 6862
3601 2117
4522 782
6873 6226
1755 6884
5711 7152
3640 4469
5489 967
5793 7154
2299 7210
6733 8581
848 2354
6407 1418
2457 4111
1279 547
4092 1378
1650 7080
8093 7254
2879 1581
7106 6184
6213 2829
4730 6325
532 3666
8158 893
4847 518
1930 7189
2089 5571
7652 1758
1034 3385
1773 6909
8134 3540
4805 4297
2456 5217
8578 933
8239 7052
1891 915
213 4085
1161 2902
7187 6708
5700 4913
6607 7158
5272 2027
7349 792
6947 6569
3777 5319
8748 7486
5828 1527
4215 2116
5680 2139
7776 6843
3766 1621
8188 5953
8552 3539
8066 7327
4469 4702
4890 1152
8631 6980
6566 5925
7587 2758
3704 1931
7748 7207
2349 3398
2957 2430
3481 5292
3544 7501
758 506
3534 6183
5592 1965
1381 4264
1648 1196
5576 5099
8616 7283
4876 2536
8434 6874
8120 1277
1186 6086
2429 3704
7812 4104
5356 2547
4244 1794
5973 402
7108 863
255 5454
7481 1432
4400 1473
4856 5971
2828 1010
5524 3715
1796 783
5538 6001
3591 2498
1519 4865
9 2428
2853 1720
2672 1981
1608 3392
595 7305
8594 6847
8507 6097
5524 6675
5303 1500
7896 2609
4639 7393
3550 91
5607 8399
3819 1311
1579 5655
4858 7423
7926 3563
3253 1014
8064 4110
7450 6239
4952 7131
3727 3481
793 3013
7265 6767
3435 817
7051 6977
8514 5675
4772 2634
3459 6170
7066 7715
8355 2127
1814 6917
1405 5641
3416 6970
8971 6475
1561 1692
6449 6952
4458 3315
2385 2807
6931 109
6584 5019
6809 3499
737 6920
6433 439
3936 506
6039 5379
4115 6154
2039 5458
2737 4848
4190 1723
6163 807
122 6205
1244 4501
3771 4739
2316 6745
2966 2519
4442 6288
1331 7345
7868 5207
5022 7211
3247 577
1286 3868
2560 7234
7652 6327
5469 4930
2509 704
6044 1429
3927 5717
5982 5402
6238 7199
7766 3050
1356 2210
3588 2381
4162 7028
8131 2712
4421 7290
6423 6739
3693 1304
4712 334
5987 7111
3935 6682
812 4779
4997 2326
5841 1075
6498 7018
8492 2686
5105 1357
5755 6376
602 7285
5368 7297
5086 5650
8938 6750
3056 3059
4729 2633
4190 6581
5217 5768
409 7204
4886 1399
2748 1107
4454 178
8902 825
389 3882
5112 7251
1169 663
3667 7071
5556 5297
3831 5635
4843 2579
476 6752
8445 6545
2904 7099
7895 884
6848 2295
2826 1299
7312 6988
740 4531
966 1918
4211 579
6975 985
6145 2079
7097 4484
3703 4648
8087 6988
7065 5635
2367 7122
7335 6728
7585 4688
1486 3343
3977 6291
4358 1572
5717 6773
7938 5262
4814 6181
7098 6281
2250 3194
8279 5452
3817 3474
6335 6833
7708 4131
7835 3599
80 6615
7203 6716
2008 2047
1761 3759
5435 7020
3853 7038
4013 6958
8875 4694
5453 6293
280 6748
7423 3828
8989 5414
6100 5399
6805 5125
695 6057
5282 2352
1494 6068
8398 5807
4225 7084
6625 1351
7635 6663
2251 2162
6809 212
705 5063
8179 1522
436 1620
7163 4138
5053 6359
4704 7049
7544 1779
4297 183
6525 5966
4720 1004
5906 5161
2557 5431
1697 1331
8459 5584
8488 5909
7768 1347
4341 7139
4164 3540
7303 1501
4765 5223
6925 6538
6922 3710
697 3142
8021 3532
6636 2132
8528 708
843 1870
5606 6349
7832 1666
2407 6653
5977 1207
5731 6944
4783 7053
1392 581
8399 2359
6572 1926
7384 1381
7584 3586
5964 650
6904 2929
1700 5829
868 888
8666 3472
2929 6981
7302 884
1879 1415
6421 6211
6894 6128
6583 3893
6365 2257
4852 6714
2370 4794
280 1789
5454 6340
7381 6097
4386 1491
5153 1003
8294 3717
6784 5972
257 1297
1828 5417
1945 3453
2833 4170
6836 331
4815 6839
6736 419
8440 6507
2063 5696
2332 6875
1308 6125
2292 1264
4858 6736
1171 262
3951 4097
5332 4573
2052 2344
6773 1882
7157 6736
5204 5962
6650 1724
700 1628
8885 6103
7087 3569
18 5471
3750 2666
5584 102
319 2516
589 6040
3387 454
3415 5280
5690 6455
3521 2550
2788 2874
5020 4559
8919 6785
7147 5086
5771 3692
1086 6669
1988 698
583 4370
1632 5547
3581 4311
2317 4974
2565 5872
6291 2945
1750 3552
3927 6535
6110 2906
4655 2469
4325 1312
1408 469
4759 3518
262 188
4961 5729
7637 6993
1842 3540
8446 2839
4305 5411
791 2197
6207 2231
7588 6182
754 6055
7327 5477
8391 2137
2876 2827
3025 3477
8828 1604
3785 4244
1857 100
4489 5078
2507 6223
3417 6940
187 2971
8396 1622
7522 7900
6749 1742
5014 5806
5104 6463
5229 8547
8217 6448
3150 2740
2778 3294
5850 4335
4560 543
5829 2122
3919 6598
4891 5712
397 1903
3284 3291
1338 5578
1621 6199
1039 2826
5048 6938
1756 6664
3750 4621
688 6788
7248 4981
6586 5848
4755 1295
4342 2887
7710 5575
1376 6687
1627 3642
3294 1173
3511 3137
1798 5458
2596 4190
2908 4071
400 5966
3471 53
6858 5252
8396 6761
6270 3601
3022 6513
6086 6116
2855 5985
1 189
4400 3811
4936 6453
8125 4759
8850 3994
2454 3213
3994 130
7484 6611
3877 3759
2180 5380
6328 1121
8932 3817
2114 2091
6251 361
7066 4190
1274 2889
2368 6437
8658 1140
5353 3577
6175 1952
6896 6784
6329 5672
8890 2047
3312 4661
7293 2579
1991 3217
3595 1750
6603 654
4265 717
7412 1234
7264 4065
8939 1367
8638 999
2736 4607
6396 6123
5121 6610
1010 2032
3406 6620
7363 5795
66 6322
7765 6286
4078 1867
3021 6229
4507 6825
659 1256
8109 3009
4667 1704
6852 2946
8665 394
2589 7660
7469 6553
3473 3354
8592 5395
8629 3859
1488 5738
540 3290
2563 2372
4562 598
8397 3108
5180 4032
5385 3275
6682 374
3309 1253
1033 4711
3551 6440
2174 5772
938 4964
13 1390
1568 545
4320 5813
7163 3311
3795 1991
7091 2620
8232 6077
2788 4791
1989 902
6036 1788
6079 6052
3211 4069
4358 5437
2619 6753
4959 3367
2181 1396
4498 6356
338 5500
7716 916
6825 5816
5569 1254
5869 6382
6431 6524
4449 3818
4301 5200
6909 6168
4073 1457
8152 2145
3084 5936
7838 6617
6510 255
4985 6394
2108 2581
1985 2016
4403 2922
7923 6035
3596 2165
2506 2189
5652 1244
957 6127
8469 6442
1470 5970
3200 3342
1956 2527
1803 8748
3328 3347
6448 1911
119 2925
6717 2778
7961 2848
7668 6085
1362 6667
8249 4343
1406 5316
1265 8490
5168 2520
5635 2189
8320 6668
1099 923
7672 4758
7388 1953
2880 3946
4374 5953
4991 5860
6217 3804
6873 650
5998 3735
2471 4521
7027 200
4287 3185
3315 6180
5042 3174
2735 5748
7400 3089
5937 1019
1199 816
2663 1699
8880 1189
4754 1679
400 5918
4324 1718
6848 2283
7086 1953
4556 1941
4612 4598
4892 1789
8418 6635
7336 6644
8629 1292
6312 837
7180 5605
2996 1950
1456 6282
4812 5039
8464 1846
6799 6218
8972 5413
938 4785
6350 251
3223 2317
8570 6155
4662 27
1194 1717
816 3069
7222 616
4465 6018
2923 6611
3640 3407
1924 6422
4817 3554
8460 5724
2523 794
6753 5242
3790 2167
6918 5041
5138 2524
1711 627
2877 4635
8481 1089
2484 4593
8475 2011
95 65
1671 365
7149 5543
8819 6530
3141 6341
331 1082
3037 2560
519 5123
2571 5412
7830 2343
270 6193
5694 5658
8009 5175
6329 3082
3764 244
7778 3516
5704 4783
4257 5770
2974 1667
8472 1623
5068 5014
5759 5861
1206 7106
2077 2516
3704 5823
4898 6542
72 706
8689 102
7565 1487
5957 5933
370 3612
5911 1146
3992 527
3207 1372
5377 5571
6224 6045
6971 598
5907 362
565 2449
6936 4961
807 4894
7407 4426
7354 5691
1000 2956
8851 3497
206 5920
6231 1122
43 4827
3463 3784
3186 5261
2544 5533
6014 2668
6 3980
6878 2544
7319 3357
2092 1792
7596 5170
88 1632
5868 5776
6802 204
1954 3271
2324 5474
5792 5125
6063 7177
8982 3502
1648 4484
7190 6001
5422 3139
2638 5922
7551 2132
8710 3464
7207 5920
5105 5989
6521 723
3445 1833
907 7895
7729 4181
282 1907
4925 5470
3739 3208
2242 2870
6298 4576
3022 3808
6541 1414
4623 3860
2063 4958
7332 1958
3279 5893
5366 2771
4102 1926
7424 794
8995 501
562 5917
1019 2624
1326 4242
4162 3237
7808 4126
6127 1456
5724 4888
6917 2642
65 4991
561 5269
411 2620
5850 1468
6988 4513
368 5405
6462 2275
1470 5431
4965 4533
2276 5447
2414 3723
6718 4045
7948 930
5548 2804
3783 6122
7906 673
3253 3821
7781 407
6576 5649
1618 2092
2004 2428
7073 5727
71 911
2927 1512
7293 2318
551 3690
583 2352
5711 5262
7910 3272
836 1525
1586 6023
6989 5662
7902 6177
8790 6086
2821 6161
1113 1524
8632 2729
7028 6166
6902 3536
566 3414
2417 5243
987 2168
5307 3854
5138 4251
8370 3362
373 1956
3762 5806
8370 1544
1182 1566
119 4177
8754 5470
8359 6040
1066 1064
7037 6166
5151 3023
370 2967
4041 3409
6376 4731
2036 4574
4489 4904
8015 2075
8687 6334
5392 6290
6706 5684
607 3800
8725 5498
4317 2738
2527 4384
6218 1637
6759 3970
6373 4139
7922 3289
7752 3580
1501 4290
3357 4596
5072 5693
3077 5000
692 4962
1755 2210
1797 4766
6293 1343
1668 3889
6179 5862
40 1914
2512 3711
7741 4339
7474 5412
2506 4946
4247 6335
3347 559
1383 2240
4805 2143
5886 4221
1054 3547
1862 5208
6602 934
4939 5875
5934 6254
965 1314
630 3148
3191 993
3136 5941
6044 796
7485 3728
5196 1924
5746 4581
8925 1357
7566 4515
1223 3650
3977 815
6941 6021
1495 1466
6980 5702
1074 1489
2250 4426
7182 5688
2158 5993
4956 5812
7321 1343
3011 5698
1811 5762
3499 4227
1457 2083
8681 5729
4546 1299
681 4406
5197 3652
5644 4237
6828 3787
4129 3324
6260 2831
1476 3628
4947 2888
5296 1646
8622 5809
1423 3342
695 3189
6212 6052
2716 3118
3510 1874
3854 4482
2021 1022
5398 5847
7666 3368
3026 1567
4084 2009
2552 633
1705 5905
6630 1224
4362 5936
5196 6100
8156 5947
1535 8010
4120 1506
1727 3965
1291 4646
8158 2393
2624 5305
7666 5276
5009 1111
7170 1904
2121 4614
272 5059
3218 3444
6148 2522
4002 5090
4447 4915
1163 4676
3357 7200
4866 2740
4931 2936
4762 4201
5463 3753
2032 6131
7423 2801
1748 3184
6570 4977
778 738
8459 1160
3647 4882
1910 2709
7713 5639
7636 3662
8161 4752
4454 8468
7636 4880
6911 3674
5061 3905
2590 1540
6662 1744
4531 3736
1460 5878
278 3236
6706 5645
7942 2643
2259 1135
5721 5473
3579 3212
1953 5748
949 4812
8364 1471
2180 4577
2421 2567
6546 7569
4807 2947
2184 3665
7036 3997
4659 3508
2788 3609
1568 4678
6502 2366
1975 4873
8510 478
7188 6073
7925 5890
3954 2940
281 2651
1380 4678
3720 1274
5390 2634
731 655
3345 3091
1412 5454
7949 5372
4117 2226
5192 740
3780 3063
6735 4738
287 3892
7999 7173
3054 4450
7717 5426
4569 2991
7725 2108
1199 1491
2761 5807
2437 3271
5845 8304
7888 37
888 292
1780 4890
8082 4773
2050 4475
1812 2449
4953 505
7363 2065
3014 5029
3054 5752
7461 5814
4549 2693
276 5559
2006 4523
8089 683
1919 5799
1714 32
3188 1472
3010 5860
60 5457
32 6987
5021 3339
2264 3859
5862 5100
3996 5817
5710 2592
6878 3250
8879 5442
8024 4042
2863 4259
8593 3897
7321 1188
8203 4121
4554 4275
53 2207
7766 504
6941 4393
2127 2787
1261 2352
5831 4219
5815 666
6179 482
1124 5213
834 7053
7903 5560
8409 159
8348 4442
7781 2864
4564 322
5648 5180
2505 4788
4191 1728
436 5505
6164 3320
6440 3731
1015 948
3321 5535
4641 2359
1281 421
3209 3337
5847 1834
4818 4019
4784 2406
8737 2004
6783 5556
3226 3329
3233 1484
3277 3753
4955 3627
4921 5038
4886 5822
4017 2114
2444 5337
3973 2355
4664 1745
7486 933
6483 2826
7686 2512
1212 4719
2154 5435
7515 5229
5683 4557
1348 5476
2589 3013
3558 4484
8651 3614
7163 1728
1329 1800
493 5524
440 3642
1269 5911
5270 1032
5495 4054
1115 5248
7995 5644
7997 4583
4834 6809
5393 4692
5542 4436
244 3484
1908 970
2931 2898
2681 2523
4804 7033
8685 5642
3291 5091
1574 5439
5065 3397
3361 5834
8858 5710
4401 2890
4913 4857
1141 2891
7470 3896
4577 966
78 5847
8175 5639
8630 5263
3921 5030
4503 3278
1083 5071
1504 5562
1597 4476
6238 514
6892 5953
4314 3198
4312 3285
8593 1769
6963 4922
1188 1807
1930 4048
3366 4141
3418 332
7163 1981
6440 4736
7102 4704
7470 2778
191 3958
2480 162
1675 5730
8434 5478
8517 5670
2124 1813
4799 2434
5721 4635
7150 7120
8240 2366
6342 4399
7578 4350
6276 1189
1596 4704
5387 3831
4062 515
345 3032
4727 676
1356 6614
2090 3609
809 3881
7777 1261
268 5256
1545 1078
5731 4899
612 1267
5324 3619
4122 2574
1463 633
5167 5515
8357 52
6280 874
8262 4669
3120 3124
5613 3165
8995 5327
7224 3171
6584 85
7424 4759
7790 3464
4536 5551
6526 3673
3347 4287
8417 4665
7443 1942
6421 5402
4986 7004
3560 4526
422 2058
1255 3841
7255 4631
6581 4052
1450 4937
1508 5605
6257 246
8921 2255
2818 1475
4804 583
5405 2560
4006 2067
8496 3646
5716 2332
1180 4753
5380 3379
8689 3751
1637 1652
8306 972
5162 4134
8176 4138
1550 4048
5693 2876
3295 3683
7231 1614
3620 1487
6656 3696
3260 3306
4046 1300
7130 611
2306 5394
4888 430
664 5456
1421 4173
5117 1552
8122 6802
3680 6577
345 1046
6656 5383
1742 5196
7034 227
4049 2573
3685 2533
6301 4116
4381 389
1421 1981
3453 3764
3180 791
8194 3765
4026 4300
2703 4028
6943 3143
2843 4980
2159 4385
5847 1890
1860 5195
1187 4338
7757 2486
401 1820
7838 1608
7039 1137
7139 3711
5210 4729
6668 4966
227 2645
3977 2259
3496 5247
6796 4830
4698 4095
8718 3544
7794 5658
2386 7757
4775 3576
1875 4504
3056 2255
4369 4611
6599 1103
3242 4882
7204 7032
7001 4649
2777 1991
1054 5621
6329 1558
3263 2928
2918 747
567 5439
2975 837
7434 4185
4654 4798
5225 6317
6690 4442
2412 1531
95 5577
7428 3657
4469 3853
8512 6115
7339 5953
6008 3433
2118 4066
3113 5687
7507 5447
1770 3111
3906 941
4182 4289
8685 4929
5915 5542
2061 4196
532 3504
7221 3529
8029 936
4532 5312
2608 410
3055 2079
3958 2868
34 5928
2671 2029
6887 5235
195 4575
8679 4207
5640 4918
5229 3786
4513 2783
1640 3328
3345 2169
4289 4093
7576 3510
5611 5249
4101 5301
4665 1825
4556 4634
6766 4225
6589 4333
4814 3858
7309 3476
7134 5187
3765 4636
4817 5209
7279 1967
8599 4311
4329 1669
4867 314
2000 641
637 5294
1995 4691
8042 1718
6269 509
4712 3976
4890 180
2316 5276
6657 4384
7693 6194
8632 6525
7185 4744
2918 3160
2031 5227
5604 5493
4667 4472
132 1782
3097 5698
5005 5078
5266 230
5462 5021
6164 2122
5117 3453
6854 4667
1786 4336
1038 3995
1133 3220
2503 5256
6480 397
1670 3533
6940 4030
2271 3800
7742 4976
6889 4844
127 5279
5137 364
6384 278
4679 2205
6899 4586
6293 4129
671 517
4254 563
6430 3834
8936 3730
5673 2995
625 1730
7185 3308
4164 476
4022 985
5418 3603
1229 199
2946 2665
3350 6680
1743 5205
4535 4328
1170 1645
8788 5154
4664 2710
2956 151
4631 3617
8043 1188
106 5446
7799 3219
6930 1613
1269 4710
3922 990
4860 2743
6108 123
4780 7671
7401 4756
991 4596
690 2106
3057 3797
2443 6190
7893 1274
5720 4912
1987 2140
4434 2744
3596 4070
3017 5249
2722 6498
2561 3731
1285 1513
3231 5182
2618 5178
4342 5061
6253 4938
7548 4380
5031 2730
1493 340
6518 4276
1266 4573
1941 1398
4782 1135
8057 1606
6782 5026
3160 4980
3958 4135
6010 1772
609 5208
4627 4108
7374 5104
1228 5355
5408 4659
2409 3782
2788 4537
5399 4240
4036 3381
7360 669
6875 4362
4464 2274
667 1234
3782 5227
3259 770
943 3754
3303 3190
6495 6207
6018 1915
7687 2183
8463 687
7529 673
3883 2232
5809 1779
5072 5756
8627 137
1040 2314
3203 3566
8817 3884
1206 4155
2799 3790
7890 1929
8745 1633
1617 4800
4010 1015
1717 2068
133 4932
3927 3692
3122 6230
4204 3838
4528 2552
2050 743
3063 770
3842 2454
632 3976
192 4170
1891 3418
3150 1667
6824 5448
965 4798
4938 3655
4409 1808
5040 2786
1813 3566
7609 3106
1488 4484
8311 2353
6333 3132
7117 4048
5187 4997
2753 3455
6176 5129
7899 4770
2552 1572
709 4785
706 3722
4297 3816
4881 2199
6527 5103
1232 159
7504 338
6450 6002
5578 3922
2618 4625
4765 3700
6532 563
5599 2441
2959 4121
8657 128
3218 4486
4645 1796
3822 1037
3834 2298
5160 2415
1887 3710
2449 3205
1751 5089
2648 4591
8427 3381
2883 3741
3709 2468
4801 8634
8605 5430
2241 3243
2940 5151
1130 2009
8123 4955
5094 4997
7094 3038
369 153
5568 5023
7805 3758
2866 758
5195 2276
4355 1311
1685 4215
2095 298
5587 1188
7260 969
4129 5059
3366 2642
2094 2910
578 2767
5470 1403
8120 4190
6906 4980
5883 2695
3825 2077
4096 4980
4078 2657
7029 2419
5861 3907
7168 4136
3945 2608
8091 5090
8607 7110
3806 1707
1039 4444
3637 6535
1375 2201
409 360
3428 4947
2782 8196
4490 4189
3251 4426
5629 4655
1427 1591
4851 2111
6317 2110
1502 2149
549 3137
8755 4997
5477 7678
4874 1399
527 143
5324 910
5158 2405
4623 4137
3259 3154
81 1092
1917 1140
2210 4041
980 153
7238 5038
8013 3763
7512 5069
749 5844
1329 1767
7723 5168
4463 5162
7605 4298
3734 4062
2467 4605
7228 2619
3020 4469
6451 4272
5912 4178
4116 1471
6557 2005
8735 1709
2780 905
450 3087
8338 4658
1684 6365
5941 976
2554 2974
6534 4660
162 4163
413 2067
894 4034
4634 5107
7862 4809
1762 1194
1151 4312
6546 5020
8769 2784
6998 2501
6658 5098
1225 3861
8784 4104
4224 7044
8986 4977
63 2334
5275 2434
833 150
4573 2617
3079 1238
5019 2947
6285 3070
8894 1008
6518 926
6866 2385
609 3453
3169 3398
8369 4141
7520 4585
7871 4246
2157 4418
1506 287
8354 517
4159 3693
3621 3068
5903 4992
1907 4664
6816 1116
5060 1686
8047 3141
3986 2870
7376 3536
4989 4211
779 2312
2466 5599
5402 4648
3171 4250
7299 3984
6866 4421
8906 2617
190 3729
8109 610
720 4512
4359 7506
3193 3244
8301 7568
189 4998
3809 4569
484 7945
4613 1564
4722 4164
1496 3117
4256 3394
1521 2893
2048 4907
7366 4554
1573 2044
4059 4061
7096 3360
4951 5797
4184 3993
3997 364
2908 4351
826 1021
490 1430
5104 4082
8372 2643
3779 3561
7956 3634
8231 2878
8603 6987
8774 2270
1904 3920
6617 2859
1175 3612
5995 4993
8286 2389
6434 4696
5233 1310
379 547
1986 2229
3997 1166
8344 2454
8105 3637
7622 2880
6975 157
5915 1197
889 2894
7410 4145
8137 4156
2478 3487
8519 1822
3924 795
7111 4759
7114 2749
8402 1467
5178 2958
5116 2465
6292 2726
2073 4591
2824 3529
3064 1153
268 3175
7370 4558
2750 4642
8892 5528
4794 4189
1588 2161
8556 5456
6126 704
6843 3888
4729 4976
2074 4127
8845 1914
8689 271
2798 3419
8743 54
4056 3624
2529 219
6913 4936
8326 4532
4802 3872
7429 680
5494 6084
8154 568
496 2134
91 5144
5095 792
102 4462
5817 451
1859 4581
6932 7346
4495 2722
8751 274
723 3792
490 3406
7484 4885
3264 7478
4653 3309
8815 4751
5166 2699
3917 418
1102 4158
2643 216
3445 538
2108 4769
3452 7676
3932 1609
2728 5303
1031 5466
7736 2894
7287 5743
599 1714
1186 3449
5840 2023
595 4492
1983 42
8387 4520
2583 2637
665 1381
3003 2751
7249 5237
5088 3837
379 4883
810 4557
1024 2119
4308 38
152 4725
8838 4764
8612 3736
1431 5131
4220 4671
2689 6179
3326 7294
4670 1134
78 3323
6970 4177
7594 4072
3826 4086
4265 4463
4347 6631
755 1394
6416 2945
82 3714
225 4876
4716 3772
6475 2773
4947 1222
2399 6557
927 375
5587 4696
379 3869
315 1798
4686 4371
4014 5151
7735 398
3934 4145
5483 5182
2941 79
8753 8007
458 1282
1223 4542
6154 1783
6510 3634
2627 537
4753 1801
5461 306
3416 750
4362 4591
6848 1897
8047 1287
8899 4069
1951 2873
4387 7584
1718 1011
585 6219
450 2169
1616 3767
3906 2419
7156 1084
1330 290
7889 2794
1376 4500
7631 1378
7343 3017
8163 4067
8057 4138
449 5468
3864 2207
3831 2414
8616 2253
6782 1943
3133 553
8847 4195
148 1411
5762 4191
3113 3430
8603 1841
5889 1798
7225 4481
8580 7672
3637 4551
1790 4619
4451 2540
5009 4721
7341 7491
464 1660
2636 2728
8854 3970
7947 1453
5886 4733
5071 2536
2194 7757
7968 3406
8087 3888
7029 1131
1706 2981
114 4375
186 5906
3737 3046
8595 4410
444 2875
7033 1903
2228 4630
5873 992
5050 531
6226 3224
3624 2375
206 1964
5090 2249
7625 1136
2247 4415
6763 1905
330 4482
10 651
5850 326
3574 223
2689 2061
6154 1381
5342 3754
1406 3976
1768 701
5013 2526
2 4441
5602 6170
208 3421
6894 2580
5414 3988
7217 929
40 3338
6072 261
1227 3182
8860 3896
7367 1420
921 4232
7091 2985
8423 3243
2653 3519
8283 557
979 847
1441 4034
773 3166
8347 3213
7381 2778
1478 2179
2089 3846
5952 6038
888 2849
4675 5620
6701 6928
2087 1517
6246 92
7855 5322
4758 1726
3988 697
4367 5789
8236 2873
4675 6757
1353 3342
6448 6043
6742 4539
6600 5871
8471 2848
8406 1308
797 4065
2833 1122
6791 6141
3065 2112
6217 1745
3349 226
1596 1962
8574 2572
1241 7329
3851 6521
992 2745
3674 4518
6565 2433
4533 2882
7120 2802
5436 3185
4598 1390
7266 5235
7633 258
4338 2545
1899 2465
690 3812
6280 4639
1146 918
7814 4013
2047 1485
47 3591
6454 2502
6148 4301
6013 4039
2934 2261
759 2002
1572 6481
2969 4285
5849 2976
3586 5857
6250 8619
3670 4296
1302 4555
1035 4207
6628 291
6410 1972
969 2245
5823 3994
5123 4491
33 4461
2108 165
7776 6024
3507 4700
708 3608
897 4012
6506 2600
6836 1439
8014 4922
765 599
6992 3767
3151 3028
7208 69
2348 3653
2121 2724
8767 4846
6665 7727
4218 1749
4522 2911
7808 4523
8523 2663
8721 3336
3801 3455
1444 2004
4038 5905
2166 3689
1246 1148
4144 6994
2709 3239
8204 3162
6349 6814
6467 2614
2 2198
4726 3957
7930 5498
2791 384
4129 3260
8681 6308
1943 5882
3147 1250
4804 5292
2291 2402
8431 4139
1351 1077
5268 2930
5375 2188
2480 1753
5988 568
7187 4698
201 2015
7600 2369
2358 6376
5333 2446
7020 3180
7080 1002
7995 4111
8291 3128
8842 6112
7477 1153
7132 7124
109 816
3916 5580
6056 2852
3045 3520
8138 855
4208 4991
3235 3447
2508 4445
82 4073
761 2623
832 3758
2688 6826
3086 4139
8182 4612
1816 3051
3071 3930
107 2069
7550 12
4812 6771
7000 4822
4722 149
1848 5258
8611 7050
4870 2472
6532 3943
3256 2967
5240 4537
4939 543
911 3676
2825 4381
2547 3204
6511 7429
8897 1395
43 707
5573 2133
8267 5557
4130 434
2070 4862
4546 1661
7543 1963
8983 4059
2753 2166
751 58
1626 3132
6737 1237
7735 927
2076 4234
4586 7608
8215 5672
7979 577
6373 1785
1525 3000
4273 4319
8442 4438
2692 133
2487 4044
2555 1067
1128 3954
3707 5301
2754 3966
3515 3412
186 2495
322 953
849 8008
7108 4159
4344 255
2681 4233
6750 3309
3640 4486
3752 2870
5852 4233
6466 2682
2671 479
2934 6487
7433 3347
7605 2093
1435 4662
7076 3934
4723 7822
3318 6288
6400 2082
2993 2193
3538 3253
907 5773
4853 2538
7873 4260
2446 4909
5372 1155
2737 3573
2539 1306
1966 4277
7427 1900
7515 4575
6009 3422
8228 2200
7228 2336
8422 2902
8467 2650
7263 382
4356 4717
6266 2779
4291 4535
5431 367
1263 7239
4516 3625
3271 2274
7623 1964
6400 4675
765 5136
4308 2974
8334 4989
4049 2153
3673 892
6866 6459
3731 2926
8134 4391
3337 3782
8183 5013
6342 2562
5921 802
5318 4573
5830 1540
4322 645
6907 3814
3509 4488
795 285
3624 3800
8268 1759
1906 2291
1676 4495
1179 2406
192 5427
8637 4760
4266 3347
1581 2763
5614 2950
1568 7031
8364 4523
887 4532
5424 7282
6828 7226
231 3367
954 6245
6068 1925
7192 3800
2885 4569
4455 1334
4967 3886
2535 1351
8076 2604
5811 3452
7988 4648
2238 146
7571 4831
1656 1931
7572 5319
883 4448
8224 205
5894 2274
6563 2201
5205 2314
84 4193
2586 2249
8777 4353
1809 3697
4523 4618
1580 1022
5181 752
984 4600
3904 2898
1438 3309
759 5271
369 4022
7785 887
4126 3823
652 4756
5972 5581
4641 5329
8577 3110
5635 804
3365 7389
6426 1876
6174 2539
5411 1971
6640 2055
551 559
47 804
2740 4178
4663 2201
8954 3454
3079 7508
7928 8501
1097 3479
4529 4309
2973 1458
4383 489
7240 4245
6888 6466
4254 2753
760 1882
8794 3966
1039 5992
4159 3905
5478 863
3396 1682
6336 4342
1507 3956
8823 3967
2940 3917
1954 4377
4134 206
707 2035
1904 6547
4393 3655
3680 5142
6926 6330
1603 4975
3633 1920
2872 994
781 4526
7629 1373
2971 1081
988 3020
5669 1251
3561 7658
1646 1898
1525 2852
3685 1850
2358 4506
3749 3226
1096 4076
7832 4964
4991 2227
1678 1947
3971 1619
801 3697
3098 4217
5442 4912
2572 239
2677 1973
6691 3481
3739 3037
4624 4482
5313 304
3578 6418
7169 4195
4759 6620
2625 6259
5421 4358
3029 3032
4122 5161
7308 3854
3545 4403
7635 1043
609 2050
3376 1714
4108 2457
6754 1129
5601 291
4736 4413
372 3407
164 2579
4452 854
3744 2059
3405 4093
7332 4527
4540 4733
1363 6652
3538 6708
8827 4166
1670 6062
5349 4616
1717 902
7409 3011
7857 592
5440 1102
4763 2162
7210 2262
906 3438
5846 2372
4379 1450
4875 5205
1715 3582
3763 1243
2321 1012
8651 930
6653 2346
6270 1137
1138 1539
5612 3413
6569 2311
5190 3706
793 2884
3110 3625
596 2941
4522 3100
1097 2165
30 366
3250 1033
7953 5183
4110 4826
6768 778
7661 6134
5939 6659
2228 1481
4036 1841
583 7327
2549 6708
4671 3383
4848 2626
2894 2957
7580 4017
5569 3925
2719 4884
5752 2579
5411 4601
6689 1243
4848 3871
2905 1427
8531 1619
5779 1773
1475 1612
704 3734
5359 5209
7828 4426
668 2759
7862 2901
3971 2926
3382 6269
344 2570
5250 4140
5980 5481
8760 901
5605 1925
3475 125
5280 2874
703 5036
1882 798
340 1708
2192 6077
6384 1075
5489 5550
5476 943
2269 5556
6209 4566
6664 1776
6300 4185
1752 2086
2851 95
8712 2289
4645 1919
2359 2508
1607 1285
5562 4417
2562 487
8749 3774
6111 1917
537 2950
6155 3575
7857 8488
866 565
3169 3481
5399 1464
8576 2868
3039 898
4723 2107
2499 3084
6089 2596
6365 2768
4385 224
871 996
3269 2493
8574 1668
7149 6954
4699 4444
4799 707
5778 2697
677 2257
8414 3907
2819 4496
5119 4711
6692 2305
1149 5951
3015 4463
8216 4284
15 572
7334 1094
8620 3374
6932 3414
4158 4963
1204 3202
883 5403
520 3998
813 6085
3821 2805
8267 2312
6560 4805
2124 4799
5190 3702
1622 2826
8504 5466
5893 2313
5991 4602
5967 2644
1454 2664
5963 1990
8995 1218
880 2800
1188 2937
5842 8653
5792 2567
8785 2611
7642 6511
6199 2776
142 4319
7610 4850
5376 3763
8094 2005
7398 4878
2472 4962
8073 2735
2213 5070
1519 5745
2540 3049
3733 1224
8822 1853
6932 4531
5298 3421
2251 7502
8781 1158
3667 4034
5201 1134
8653 928
4105 618
2373 3106
7013 1228
1622 1651
7453 3929
987 4903
3724 2172
7157 4992
8090 5325
5385 6116
6965 4059
5220 2515
7382 4230
8222 309
3639 704
5660 4778
7834 4478
6064 4759
1891 2885
4102 1858
2361 4598
200 3050
6848 1087
4572 3432
4964 2049
4137 2280
1517 3744
6331 4707
4358 1734
5189 4171
7077 4611
4397 2806
214 6969
2148 3525
8776 5042
4149 1912
7487 2803
2458 280
2738 2802
394 888
1636 4508
1555 3055
3416 7009
3967 2139
4727 5321
3238 1390
6290 3025
8024 2814
3012 3316
5048 3593
1432 498
7343 6292
8390 1667
5197 1906
5691 2807
7441 6560
5187 3963
2994 125
7874 5094
5400 5064
8223 1362
2629 5272
3849 4475
3985 1624
5607 4220
3505 2563
4665 253
5576 3693
2395 4571
5388 6460
4766 2428
3097 951
1269 824
2373 668
8428 3854
1814 4421
7497 224
6394 2609
2831 3324
6552 1877
3779 19
4871 5663
4907 1063
3654 6361
3278 7611
512 5506
7585 5077
8311 4944
3416 5378
6874 4310
4341 3496
7687 514
5008 3603
2154 1785
8609 1798
5277 5452
7094 2884
1856 733
409 2261
1862 2106
8301 6515
2375 4017
4720 3994
3951 2970
4119 8355
6199 82
2343 495
6341 5929
1792 4615
4576 5407
162 5759
2057 396
8605 2621
2084 5013
7793 1653
4777 1849
2760 4875
3924 38
2073 3622
680 4929
658 4671
2846 2761
1270 4362
6374 3604
4772 4042
5601 2698
2840 3286
5354 3176
914 4234
6092 332
3197 3884
4256 5054
5475 5109
8036 4836
6769 3185
1986 635
3872 4897
2989 7203
8456 3060
4724 2066
5962 569
4959 3716
8136 4170
5419 5441
2621 5803
2137 5872
2975 4126
8648 5405
6644 4997
330 3972
2256 900
5719 2973
2081 1452
3466 2070
3333 2395
7035 2166
4687 4953
894 4395
4553 6169
5483 6532
2565 3436
8493 3600
7662 872
2866 6074
2916 1242
5810 1942
2658 2846
8246 3371
7936 4858
3070 5826
102 4125
6742 1812
2970 3438
6656 5161
636 1943
2839 4566
5258 2764
2843 7959
4212 1959
1406 4672
7897 2902
4947 3614
3319 5974
5779 900
6229 3344
3217 1726
6649 3719
8441 5152
7850 2146
308 8656
8240 2916
5561 428
2731 6109
425 6087
4193 3305
6729 2624
1372 4884
6183 4454
7035 4522
7132 6170
5392 3362
4464 1679
2454 1792
3875 3930
5663 8296
4292 7153
2966 3715
2937 3423
5075 3240
1583 5141
8599 1792
5834 1312
8713 5544
5041 3514
2546 2200
2605 170
5513 1394
5600 601
7745 5613
765 3438
1911 4264
6613 160
6943 2077
8740 3217
6927 1555
1998 193
2196 5204
4037 734
6581 1475
3939 4403
7101 2578
1016 645
126 421
4296 5591
361 5154
8702 2307
2684 3505
289 4653
2617 4211
3988 4261
2490 1690
7985 5253
5703 437
5753 884
5811 3613
6176 439
2721 1754
3045 880
3993 3499
2869 6568
7307 3849
6404 1973
972 3020
5067 5645
5151 1991
3810 4548
4613 3022
2722 5950
1116 3724
6064 857
90 314
6765 2941
1109 4349
7469 3544
5537 4248
1379 508
7180 1826
5372 813
4995 5099
72 5233
5102 1645
3734 4470
1740 1539
1469 411
3695 1595
6619 5935
406 6172
2015 3169
2396 1377
6556 2285
14 3324
6170 263
3606 3645
2137 2070
1175 833
1377 5027
6421 2111
3339 6062
7583 5273
4593 1825
5194 4449
8786 3367
52 3641
354 4760
4733 2751
1777 109
4546 1303
1908 6791
8504 4435
3543 4755
4094 4871
4776 1309
2185 1108
5169 3649
4910 5225
6817 5135
5972 2459
1142 6917
2717 2105
3448 1796
2427 5070
3605 6424
1147 2654
1428 2135
1097 1047
6525 3617
1338 3536
8458 6064
6381 3392
1498 5237
4736 3042
6714 4302
2456 2379
99 4756
3682 2608
7366 2392
765 5318
8172 1494
2749 2595
1960 2120
4029 2792
6414 2660
8741 869
5712 6591
2986 1281
6131 1864
1998 2728
3743 2132
6179 2942
5107 1749
4593 4561
7905 4976
2587 2075
2356 967
8944 3543
4909 2161
218 1255
8043 4925
2488 4999
6592 7784
4226 3127
8360 68
5452 2420
1085 478
5093 551
3757 610
6081 4958
7339 4811
3678 4866
4735 796
7207 1051
773 1684
3189 3841
5960 1561
8433 5364
7511 1325
4959 3485
5440 5225
4680 3940
445 3435
3501 935
3206 1785
8997 3496
6345 4010
331 6006
1310 1055
1620 3866
875 4418
4478 4755
5858 2644
5761 88
5854 4582
3177 2593
2692 7561
1233 2982
2043 2261
7083 4873
384 1645
7652 4548
2135 1828
511 1437
5122 1079
6716 3663
8774 3936
1564 1126
543 5525
5955 3886
1627 2462
5268 6823
1513 5435
6356 814
6139 3546
5215 2572
3690 3000
3211 1676
2283 4700
8310 4219
6080 4619
8720 3747
3461 989
4624 4888
7354 2058
427 5289
2986 4157
3798 4485
1838 3272
5659 4303
1334 6373
392 5079
2185 1195
5979 1400
8061 5538
3431 863
2367 1576
3601 1513
3203 5530
7477 7853
8993 7380
3877 618
6815 2619
3225 4188
4170 4891
7722 2469
3112 6856
714 4702
7037 7945
5973 3297
8767 3184
8284 5483
2648 5339
7350 4786
8282 4079
8615 4053
5252 8042
7460 1880
4101 5747
3935 6510
1541 4741
4882 5218
2179 5352
642 4936
450 69
6414 1880
8410 3538
7306 2664
8282 1598
4746 3831
8452 2612
2079 6092
3938 4968
6966 5690
7716 3440
2157 1562
7821 4315
3401 264
3558 1176
905 5718
645 440
595 105
6273 6211
6926 3576
1297 3052
992 816
3199 5792
8231 2314
533 6311
1765 1447
5969 3556
4490 1709
3223 3736
6844 2391
3085 1360
2561 4725
7648 1694
7468 7335
2447 7307
6116 879
4214 5220
3479 3565
4103 4021
4484 5374
7376 4553
8759 5455
2421 5445
973 2785
2897 4691
8956 2347
4724 3155
2657 5142
3428 4247
5174 7708
4472 5786
2602 3607
7277 2009
6960 4450
1963 6306
353 2232
131 552
5706 3068
5149 3401
956 1821
3191 5455
5850 804
2775 3882
5882 2202
589 5841
2693 3235
8319 5416
6426 5513
15 3725
1584 5243
1505 2335
2139 5130
4446 3913
8113 2063
3274 1961
8409 2846
2629 5935
8279 4257
1310 5244
7194 3613
8561 3433
4170 1576
8235 6590
3406 1799
6252 6663
4101 5396
6790 761
8719 4979
5594 6384
6360 5523
6144 2059
6060 5884
4109 4509
2799 1844
1884 804
1342 3624
7611 2557
1325 3680
4869 7928
3004 4622
6987 2373
1280 4385
8194 4822
1477 5048
5514 5859
2865 978
3431 4131
2311 1269
3523 1042
5195 4119
1796 746
476 547
6889 5316
3519 3655
4357 5134
8550 120
3229 2076
7063 4831
308 3610
3601 2716
3766 3759
2195 7479
2975 4694
7683 7430
2853 1837
7703 5030
2858 4846
1960 7150
3896 3375
5346 2700
2231 3950
7867 401
4572 261
7988 5346
269 5391
4072 4924
8593 2740
6878 4991
5780 5212
2102 80
3794 3001
6590 1133
727 2905
1935 5481
1961 3501
8777 2466
5780 5842
5005 5799
7434 5175
745 2694
5804 3833
2638 2885
7766 621
186 4400
1741 5498
6105 5862
6599 3630
2121 4523
6516 7155
8507 4585
7889 5096
4350 317
4143 3876
5021 5129
3147 7472
3336 5592
5155 3266
2656 2492
1322 1156
8579 2492
7008 5467
3181 7583
4300 1266
2484 1716
1626 4782
784 189
856 1372
5987 2630
7464 5580
5717 1982
3335 2783
1222 644
2974 5003
647 6887
6221 2517
1989 2391
4810 5471
634 2961
1268 5390
7283 3109
873 846
8751 2134
8751 4575
628 2317
1 6437
7694 5627
5104 2855
4732 5699
5360 6208
6542 2644
7950 180
7843 5910
6147 66
1230 4491
7320 1304
7502 3536
6193 5785
1532 5026
1018 5815
8537 2918
3251 2779
63 2059
3965 5165
2295 3860
5222 4246
752 3674
8311 4021
6869 4107
20 6353
6983 5551
1955 1189
953 3466
6059 7423
7406 398
7748 2379
2963 1192
7072 1894
644 3768
4855 8376
6863 5184
4120 1884
2531 1270
2498 5504
61 2544
2164 3104
162 6892
4216 2956
1905 1652
5833 5955
3186 5802
6310 1943
3619 5760
6903 3529
7066 4171
638 4670
1409 4836
2369 2052
3241 1478
4781 3342
1908 3742
2594 5994
8389 3387
8359 3537
5813 4186
6563 4971
343 3827
8925 2968
5131 4286
5637 7312
6989 2979
6433 3795
8624 4329
161 5675
8180 3874
1164 3430
3672 303
2380 5725
3811 1617
489 1517
4470 4270
905 1411
1601 2035
8650 1461
619 2447
6483 869
7429 1702
8890 4670
3714 1702
4012 6033
6223 4551
3777 140
7946 5697
8070 4307
3213 1261
6174 5948
2113 970
2499 6040
3102 3231
4852 5475
4376 5258
6571 4774
4131 480
1386 5349
2627 1323
5246 1862
478 1102
5002 879
1730 6072
6905 1626
7283 2206
3535 1187
1948 3593
6174 50
3029 5871
5047 2340
3217 1122
5312 7618
299 2984
306 5576
2084 2327
692 6012
3032 6155
5710 811
5880 469
3092 1248
3110 4001
3507 4281
4665 324
5082 4883
2826 5127
4393 3017
6190 2617
4380 988
3891 5874
4177 2690
3750 1737
7947 5118
3445 3127
7264 170
8325 4343
2494 5692
6152 1861
4174 5948
1343 1745
2489 2987
2910 3607
3964 6211
3074 4928
2628 6593
4032 2561
8025 5868
3599 1672
680 1952
2972 3001
3205 1996
3220 5274
3375 4406
5426 602
8033 1836
2274 7117
1169 6060
3107 2539
2703 3208
8803 4129
3491 6510
2999 2645
5100 1125
2256 173
7296 1169
2409 1790
8807 3697
4904 2058
2022 5080
7163 4754
3291 2395
1313 1478
6131 1776
68 5873
3937 3700
1620 5100
2910 2114
6772 5489
8389 5310
8308 2828
3722 4398
114 2165
6122 7954
5902 2311
8060 3321
2328 1820
4247 5129
1313 6256
1972 8283
878 5841
5644 4502
8921 4389
7847 6032
6202 6960
7149 6205
6939 2983
4725 3753
6022 2993
1083 61
1008 656
655 1275
3596 5732
3447 5146
5156 2476
329 5523
8524 5819
1058 3257
6307 16
5507 5897
4133 6286
7736 4886
4466 3193
8539 4264
6901 2107
4732 4733
1727 3545
686 5970
1846 4350
7604 6848
1439 4674
5071 5473
6711 8626
110 8292
5710 1161
6503 2729
5284 8512
881 5914
2093 322
3672 5402
8571 961
1764 1383
4766 2575
5907 6157
1483 2324
6425 6328
443 7905
4761 5129
1769 5472
1584 4959
3575 7607
8247 4830
379 6919
2548 5187
2622 5891
5728 5333
4265 5825
3497 2203
7422 637
1728 2993
4540 6109
4271 3863
6457 5598
3158 8188
8791 6256
1130 4720
7640 154
1705 5032
4439 4873
6758 2728
7401 3320
8967 5712
8396 2354
3595 4105
3918 833
534 505
251 6144
490 778
7194 7676
264 51
6460 7555
4249 1743
1690 6384
3503 635
2039 1562
7994 4100
4476 3657
3075 6326
3728 5112
7913 6467
5900 6257
2385 5603
724 5648
3817 2465
7471 2126
4816 6172
8758 2835
5223 3421
291 3698
742 1036
1960 6449
8247 6238
209 160
3749 3814
107 5755
4297 5571
8096 3375
4964 3980
8286 6334
5277 5595
6391 2735
6738 766
3281 4645
6688 2835
5115 6666
5611 8429
2846 5099
8787 4559
7836 2946
7334 3962
5198 1685
8126 6110
7013 5100
8303 6372
3720 5663
3531 1097
3304 2062
785 1163
639 3711
4956 5969
5541 6353
5094 8116
6687 2843
6281 5962
4677 6049
8659 1970
8639 8034
7288 5291
2937 1084
2452 2770
7697 4764
8704 4140
8430 6054
6495 1041
6602 6639
5195 1033
4499 3747
833 2021
7984 5930
4292 2451
7531 6207
5237 5234
8947 468
2206 5351
3104 1176
1385 1667
8305 1463
7323 2645
817 6501
4797 4493
2512 5462
8428 5171
4818 2507
8475 1964
4445 5046
5542 5193
671 5932
2276 3086
4297 5063
7016 801
5359 6405
728 4440
60 1473
6092 3454
6681 2218
6157 3721
295 5906
7478 4671
4018 5795
4844 4172
6766 975
5166 2890
6217 6350
2244 5383
5438 1459
3268 450
3013 2187
2480 6422
2965 2850
1430 5566
5371 6485
4357 5714
300 716
730 281
4462 1233
8684 662
8524 5899
6556 5021
1542 1655
79 5464
6665 5475
387 3979
5685 5414
6929 1053
3022 5793
4662 523
4701 2963
7929 5084
1806 4220
7757 6307
8187 6821
6268 3206
6491 2313
2782 4327
5789 7112
7633 3433
1263 5091
3062 6347
3524 2387
647 7287
4049 5561
1063 6994
3446 4433
3626 1570
3781 5080
5164 5025
6724 2454
4599 43
7646 4134
4535 1976
8659 6336
1849 5074
6328 6028
6774 6078
748 763
6952 1575
1162 3752
5355 1923
5165 5864
1112 5572
6625 1596
6140 6601
8249 6245
8687 5575
8592 5871
1616 6375
622 7692
4262 5552
3757 3233
7225 4930
3340 39
8882 6447
8670 3115
8568 6697
6531 3109
7679 1789
617 7773
3036 1077
742 6240
928 2851
974 753
4419 6339
8725 2922
5831 5990
7176 3402
3884 3586
2444 4289
3427 3013
7077 6166
8565 2697
6096 4805
805 4996
5967 749
8001 8504
4179 5932
8721 2094
366 599
5669 1171
7562 5943
4482 5233
6570 446
4236 1171
3706 6582
5181 6413
8112 6627
6268 5035
2015 5606
8601 1690
8000 1289
3153 6353
32 967
8999 2956
7429 2185
5598 6172
1618 5480
3990 3132
965 6012
8733 8012
3226 4893
7500 608
7687 5743
5656 1412
4873 693
4832 4720
6894 2284
2861 558
5299 4393
2766 2931
4173 6568
709 6797
791 6303
8664 6638
945 2565
2093 6630
1762 3645
6079 1496
2346 6811
4136 3292
8066 2626
6549 2860
6159 6509
2865 6142
8224 7811
5444 5318
1897 3499
1918 6049
7711 3570
5965 6668
6064 1595
4829 5496
1945 2305
6371 2737
2227 5716
3538 2670
252 7934
2465 5346
3642 2274
3548 6473
4945 1551
3618 3057
3348 515
7543 5392
8973 6304
3573 3581
3323 992
7388 6671
8045 1653
7655 8179
3453 6286
7931 677
6568 7390
1339 5849
6065 6833
4229 3988
6774 4887
4579 461
3096 3364
6393 3772
6065 6390
7302 1544
3956 3728
7611 2310
2161 296
4547 6817
8907 1191
5769 6866
2037 5136
7589 2679
231 4220
4966 4032
6011 2653
3827 1245
1961 2203
2309 7139
6760 6864
3470 5155
2429 597
3542 6207
5348 7605
5983 5716
4934 4958
2575 2054
753 6020
7345 1413
7308 393
3270 50
7982 1753
764 1820
1961 6465
7103 2160
3245 2808
8629 5144
4862 6551
879 2984
5264 94
7699 6189
1240 4865
1324 382
3025 5203
6611 6365
1767 370
5911 6368
5842 2260
7785 6939
6402 6254
3281 4201
3370 5891
4878 3972
1665 4992
565 6873
4852 4654
46 8324
6645 4265
6492 1743
4284 5202
6421 732
3290 1224
7311 5079
6424 4875
127 3000
6583 5699
6221 291
6538 1204
5023 4800
8248 6488
616 935
6298 4540
2589 5510
3038 2629
7073 1930
8666 4202
3900 3472
5909 6618
8999 4267
8638 7190
1420 1256
7261 2055
3157 6518
5433 6338
5243 6456
3714 5370
338 6355
1203 5070
5364 7623
5582 6676
5301 6266
5724 24
6830 4192
8848 928
6100 482
3677 1977
5822 1197
433 6282
17 6525
1161 2878
8127 7141
6545 6049
6099 6920
4372 6968
8597 2974
2843 5817
5144 5503
6314 3537
7424 4299
6258 7000
1539 1527
8698 2633
6015 2034
2740 4220
5627 6901
8090 1465
3481 5992
6122 6350
2099 2509
7272 7594
7019 5954
7685 5252
902 147
8831 3192
2075 444
4238 5793
8621 6273
523 5647
7690 3971
7240 5859
3117 6776
3050 6743
7039 2211
1841 3182
4908 6909
762 6724
3401 4871
1269 6577
6853 6598
1775 2895
6639 6611
6042 1916
6631 6398
8513 50
6989 903
6540 2114
884 6905
7544 6395
8985 3390
7190 5805
5267 6959
2302 5532
6290 6230
4854 1775
4518 6761
8931 2469
8706 358
1591 1924
825 3072
4929 5786
3081 6416
7912 6767
3264 2661
8951 6066
4897 89
2816 56
518 1089
6195 1193
2755 461
6208 3840
6918 6433
2698 5684
1506 6590
2818 1637
3028 6024
5850 2993
1492 3283
3967 6008
200 2740
6945 1486
3484 4152
4438 1374
8677 5456
3726 436
3641 6949
5642 6136
609 7122
3204 5997
1521 537
3477 6452
7096 5056
2225 1482
6324 6857
6419 4740
1510 5873
565 2422
616 3162
7879 3789
5405 1610
3906 5862
4358 6148
2966 948
552 1490
4200 7156
2147 7063
1042 5798
5500 6908
8174 4598
6558 7292
8568 7022
7619 6286
1769 4000
8140 5998
412 1853
1489 6614
6508 2514
6788 1656
7228 5307
7093 1522
486 4184
746 3002
936 519
3216 6932
3351 5714
8099 6881
8365 7203
5604 7018
1336 7406
2502 569
8866 6500
6133 4722
4025 3794
8430 3649
361 6071
4206 6045
203 364
6013 6257
1709 673
166 6799
5170 2614
1839 6811
7616 301
4126 1078
7284 2583
4229 6894
3860 3389
831 4578
1468 6389
7941 405
4015 4622
4834 442
84 858
982 3582
6170 737
6616 2818
5003 2187
2695 4979
1421 6572
2387 2026
8752 1215
1964 6504
6469 6748
165 6045
2112 7245
5188 5597
1053 367
2908 1194
6422 6535
8714 1238
6849 2351
2947 1361
2037 2430
6793 6517
4148 7115
5794 1652
2042 2089
8142 532
8759 6879
1771 6518
6373 1509
1796 6218
1470 1351
2075 1324
5129 500
2421 4822
6372 5956
1237 6567
5863 5675
4298 3716
8590 3071
3669 5811
7840 7644
6418 6282
5872 2217
8410 6292
7748 2109
7785 7224
2126 5560
8483 975
5698 5462
6222 1926
8787 1099
4455 7208
1244 5327
3991 1741
2714 6668
2452 7065
7588 1315
2876 7270
640 5934
1195 5252
5185 2015
4791 4418
580 1058
3043 6054
2299 3713
8966 7258
4233 7374
541 6965
6468 2957
6602 668
4832 7417
4840 6243
5666 3211
5582 7041
5737 607
6823 2147
2211 7336
4183 92
6024 6128
2765 3720
4240 4616
850 2685
4451 1689
3021 1821
1856 1234
610 1839
520 2653
170 103
4491 6787
1194 4604
3523 6303
1728 7190
1579 1682
1095 2858
3038 7171
5566 1317
706 5554
3867 4138
462 2099
8067 6969
8215 167
2379 6756
7504 1516
6831 2188
6497 7093
1329 2321
2214 3023
7596 1329
6684 4773
7876 6718
7823 1584
777 6591
4101 6372
8546 7306
4101 5283
304 1140
6704 5654
3545 6287
8876 5848
1872 7037
8702 6298
7088 6205
2346 8102
3905 6411
57 7511
3657 3412
5528 5923
2969 509
1063 5915
5231 7462
1418 6200
4232 7212
7129 5895
1774 6853
4141 833
1270 7089
920 6962
2666 771
3862 874
412 6284
6999 4773
2984 2050
5538 6930
1301 1211
264 6953
3875 3009
7172 1730
4146 552
8842 1842
5320 7166
6096 989
3945 1593
1731 7341
1234 692
6503 6826
7881 6998
2107 932
8184 4014
2667 1943
785 4614
2821 5199
1253 1810
6235 7421
6984 6998
5452 1746
46 1469
6628 2439
4643 7449
3952 2345
1044 6504
3160 3035
6063 3524
2561 6716
1824 6723
1065 7414
5902 7523
7825 2437
4701 4043
2071 2122
1250 5279
2491 7088
1829 5030
6783 5608
5091 2599
1505 5174
1766 4851
1043 6704
2677 3214
2862 1655
6334 7409
6059 781
5132 824
1753 6867
6505 7043
6393 2055
1858 1750
1534 3336
3602 6011
4314 6819
7128 6841
1738 4818
8138 7563
8245 6256
7502 5141
8179 6522
7262 7280
4689 4503
3892 3
6227 5431
6138 1360
4941 6647
491 7293
645 7497
6102 7459
8241 7504
1849 2786
8997 4154
6234 6369
1851 5642
7588 5107
4088 7316
3301 7418
8694 3223
6957 201
8229 1589
8835 7564
4035 5226
8176 7418
2287 4269
6553 7371
4207 1554
2922 1598
6660 7193
7796 5952
4226 7359
7174 5546
5867 7375
6788 7387
6885 7273
1580 7165
3376 6644
5830 7459
421 7030
4015 4954
8358 7623
1553 3980
6792 2510
2567 2979
2099 4895
4677 6994
3858 5134
3257 5953
2858 7028
8979 7608
2373 7206
4276 1976
8140 980
5496 7163
412 3973
805 7105
8569 6857
3394 6066
179 944
1042 7391
468 2662
1998 7201
4572 6562
3567 6816
4534 928
803 6790
5280 6123
4298 8030
8144 7072
6218 4387
4395 338
3778 574
1602 4854
3630 2468
6343 5737
5688 4896
6347 7016
1746 888
6286 277
4646 3523
4844 7465
4211 6612
8972 7554
2688 2777
7533 6456
1290 921
1345 4730
1349 1179
6109 7479
7559 609
3905 7435
3157 1765
3335 7379
5811 4170
8519 874
8833 7385
1372 7676
4696 4040
7341 4714
6247 6466
654 102
5213 1813
6679 7684
6924 1528
853 7541
2593 5796
6271 7353
2907 2735
2070 423
1945 151
1691 7650
2577 762
6089 1676
7829 5298
6192 2376
8279 5173
8994 1354
6154 521
4523 6878
4155 2213
734 1171
7026 5583
1321 912
4833 1819
7157 2391
2599 7689
6345 2036
4730 5525
1365 7296
3616 12
6503 1473
8860 6838
6711 7059
5883 6076
7350 4582
4226 889
1187 6972
4829 3994
661 906
2855 4295
1853 695
7210 6310
4783 5032
4802 463
939 5140
2713 649
7055 1043
1960 5743
7610 6015
2370 7533
5147 7694
6702 7101
3464 4763
2112 7593
8149 1555
5436 1575
7361 1421
463 1108
6027 7369
5212 845
2923 5292
4333 7599
1590 254
8652 3530
8195 1307
2278 7489
8246 7759
7305 3687
4537 1370
1135 7763
8774 7249
8691 527
6024 7221
5250 6584
214 6964
536 2987
1757 6345
8624 7680
3082 7959
6759 421
3761 7661
5030 7631
2536 3777
3041 6725
1926 5184
4724 5405
8325 7788
2754 126
8165 7276
263 6786
7127 2770
3141 7803
5300 7660
8441 7008
5708 1415
142 1057
7566 7787
8584 7834
7418 7528
3533 4148
6423 6636
2785 1535
6870 6813
3545 577
4849 7792
3940 1471
3142 1509
723 972
6165 5268
4539 4125
1082 5212
7716 6861
8965 7577
169 591
8828 7568
5254 7109
8178 5613
3936 7254
993 5631
6955 6624
5136 6726
6978 6742
4886 7793
5361 5927
3309 1734
6549 7762
5992 85
25 7869
8004 7676
4065 6384
8667 1060
6527 1186
4855 1191
5188 5318
2721 7227
5275 1921
5625 7594
5176 3854
7293 4
4900 7744
733 7013
5826 7821
7161 4658
8449 7929
3236 1579
8391 6703
2520 3185
5148 7051
382 7657
7626 7287
8016 4868
2822 258
8145 5938
6611 7097
8741 2363
8607 769
1841 557
414 1614
3346 6785
3426 6574
1468 6171
3100 1559
4335 7072
8738 7314
7929 7113
5677 6557
5107 358
7892 5323
3008 7390
8185 1603
5096 5497
5487 378
5938 7987
1369 404
1878 3435
6103 7649
8265 2305
7155 7686
6845 3334
4564 71
1438 2825
4786 587
6098 6444
7048 952
7994 1959
1335 5394
8865 7841
6097 6893
4664 7350
6303 6414
1470 3166
4338 7827
7873 8002
2289 2075
7683 6580
7877 7162
1461 7658
8813 7424
3099 6840
8531 5288
5102 2724
6302 5850
8788 7837
6145 7192
8816 221
7890 6110
7905 7795
5926 6199
2011 7590
5821 7436
203 161
8729 7465
264 2024
1260 1291
4702 6531
859 7974
8792 113
3442 1170
5732 7848
6375 8530
2004 6613
275 313
6626 7566
5881 7942
5989 8062
2847 7995
3252 7385
1839 6853
5212 7486
2463 7765
4567 41
5531 4706
6930 8011
3092 1028
4030 7759
880 3936
5634 3121
3664 7078
493 7676
3033 8072
4298 5512
4209 4489
7199 107
5749 7360
6810 4766
2415 7536
4200 8435
5490 3282
1660 7914
6701 7966
3916 4289
3321 7528
8081 6999
60 3590
3085 7315
3694 6939
8044 2528
351 493
8689 1595
8903 7706
1467 6211
8517 7700
6082 1809
427 7521
694 664
4531 8039
7895 6891
5153 7931
4460 7553
2503 7832
3324 4841
6251 7645
783 7930
243 7599
8165 7986
7575 6343
7045 6178
2896 7629
2727 2417
1240 6089
6993 212
3660 7776
5050 7891
2659 7246
8792 760
3753 1216
4259 7648
2281 2374
1253 7823
4387 1171
7373 8136
6671 7734
5786 8127
3132 2568
3469 8040
549 151
6188 6168
1079 7969
1426 7663
8528 4892
8988 6894
946 6433
898 7111
505 8091
4689 7603
7020 7929
2946 7400
6950 7294
6223 7895
5429 7802
1318 2984
3303 7706
483 6955
1801 7112
5081 7626
793 8097
5679 8104
5601 1194
442 7978
2900 5652
3216 8176
2272 3191
5424 7856
6286 7115
1967 7933
463 1260
13 887
52 2592
3410 8193
3196 1952
1318 7819
1129 8088
781 6860
8733 6869
724 8198
4000 800
6352 8077
2245 8151
7664 1387
8945 3102
1404 7816
7130 3006
2066 8176
8610 5230
3878 8220
6043 7565
3176 7248
2505 7577
3825 7061
7874 8201
5563 96
898 8119
2965 8235
4093 3243
3804 4378
3168 7660
5990 6203
3302 8259
2361 6360
2942 8202
1048 7726
1107 5958
5009 2948
2933 8115
6387 8173
7496 8016
1126 8104
8685 8078
3005 6457
4175 4551
1274 5898
4825 7471
3720 7289
8717 7282
5246 509
3615 863
8520 7903
3006 7489
8824 7014
1776 1861
7905 2628
8568 8220
8387 8283
1155 3934
8286 5782
4170 905
6623 1446
1367 8176
3685 1437
6090 8165
3975 1189
4922 8007
1091 1069
3680 6542
6057 8175
2617 8090
5293 8243
4925 6801
6026 4441
1963 4680
5866 7913
1518 8309
6442 6265
3398 5848
2530 310
2864 8060
1879 7685
325 8302
1574 6042
8490 8079
4082 8107
4297 5381
8872 5077
1602 7515
2542 7219
1107 5560
3829 7415
275 555
4843 8157
6218 1400
6387 5082
4580 7394
8943 5120
8137 7761
4622 7474
4262 8001
6783 7010
6288 8064
5388 7273
7160 7650
1596 8034
2845 3024
8007 2419
5437 8168
7251 6191
8307 8280
8465 622
6638 8297
5573 156
1934 7749
4780 4404
2921 2815
5946 7894
6487 699
3676 352
4817 6063
955 6060
7514 333
6446 4601
4804 7565
2568 5899
1069 8217
7156 8030
8669 7574
5981 8336
4634 7770
315 4357
912 7803
8861 8314
8580 8124
4543 3576
992 8171
774 8347
8337 2075
4470 8354
6432 8182
3089 8354
4197 7828
4653 381
8532 8271
6849 7049
729 8340
5139 1994
8138 4491
890 1156
1780 7464
548 7140
2253 8175
5811 7949
5739 8050
6343 8349
4063 607
7655 7238
4291 8424
6245 7856
1202 7346
5953 8405
4004 483
5502 8387
263 3402
4271 397
7352 1505
957 891
4394 199
904 8415
2919 579
5862 6483
2280 8418
1732 8199
5697 7926
845 163
6759 7755
6261 2143
8934 8449
6173 8159
1049 8417
8102 7930
385 4764
4419 3383
210 8304
7324 279
2641 8286
974 479
7884 6439
5278 8357
8191 133
7686 6944
4900 7681
5029 5681
3332 192
2571 7654
8783 8464
6192 8068
2491 7989
7127 8395
799 375
5152 8406
7860 7651
5454 6480
8960 8129
5273 8101
6585 8143
1361 8461
681 8470
1409 3524
7786 7998
1885 8301
4960 8292
5869 6067
4731 8206
7247 7261
667 35
7403 8109
5675 8340
1633 6923
2917 7897
7343 3016
2606 8323
4167 7545
6016 7688
760 307
1387 8259
8399 6138
407 8483
1110 612
8863 7265
6932 5834
25 8450
8333 4976
1718 4151
3235 8168
6781 8416
6881 7902
299 8460
7786 1547
8135 7594
6121 8498
5515 7462
2034 8115
6153 8525
1511 8160
1560 7087
8686 7659
5208 7342
8783 8421
3157 7584
6777 8497
5746 7924
3888 7650
8673 8405
5198 8280
3370 6915
451 7685
1711 7875
7359 8507
4268 8323
140 8556
1625 8351
842 8489
8048 385
3965 7474
336 8203
6309 3736
7675 8566
1728 7517
5695 8386
8013 350
628 2689
2886 7456
7243 8392
7531 8542
3592 8349
5883 8369
7609 8365
6266 4024
3279 8295
451 3642
5887 8446
772 2512
6754 6455
7309 7478
4957 8484
7586 8600
8332 7975
4957 8027
2359 7835
1892 8294
4975 7908
1894 8421
2724 1901
6208 7749
6055 8124
8894 8575
2433 8359
2652 7479
5151 8273
2050 8525
702 8625
5170 1226
765 8197
166 188
5255 8050
7807 6329
1491 8499
4587 8525
5518 8590
8453 8599
8257 8441
6675 8403
7188 8386
5293 2612
754 8592
413 8610
7407 8521
4430 8382
7079 7786
1613 8625
7450 8655
1615 7155
2356 8490
5220 7928
1348 7198
8617 8404
8678 8585
2839 8273
3513 2368
3226 2376
6021 8527
8471 8243
7424 8554
6824 8233
3660 8564
1020 8538
2775 8206
6190 8559
5337 8675
2902 8103
3085 8663
6028 8098
8878 8238
6184 8215
6308 8636
8583 8069
1390 8677
808 8367
226 457
4572 898
2013 8494
6740 8669
452 4328
588 8381
8768 1479
106 867
2657 8689
4768 712
5360 86
5077 8412
4618 8503
4748 8698
5160 6421
1953 8626
7282 8408
6080 8536
1799 8521
5036 7556
5453 8668
8268 42
6923 8625
2829 7813
4078 8661
3037 8460
4617 8630
5179 8449
4486 1518
4582 8568
8737 8661
174 7513
6236 8677
6268 8702
7232 8705
4945 8672
762 8762
8363 8434
5745 8757
6080 8752
4583 8704
6738 3380
5502 8605
5131 7854
7682 8724
7052 8368
8927 8714
6370 8767
5073 1798
6990 1637
1450 8272
5494 5874
2937 8025
2213 8744
1734 8717
573 8462
5314 8692
3715 8683
1086 2775
6660 8741
7904 8172
6513 8791
4579 8762
7968 8798
5363 8708
1362 8481
7499 8657
6531 7864
6946 8466
7241 8758
5914 8400
4580 8785
3678 8673
7092 8663
5701 8676
6802 8714
336 8363
3647 8822
984 8781
3793 8211
855 8558
792 8811
8614 8791
4880 8827
6888 8790
6255 8797
2081 8796
5452 7707
2557 8482
6326 8604
8733 7937
6816 8811
7956 8753
5074 571
440 8255
1642 8368
2745 8762
8701 8154
3310 8452
6472 8848
5512 8757
2309 8692
6521 8666
2310 8291
6360 8800
8328 8768
640 8855
6412 8821
1905 8864
7212 8810
5707 8261
7225 8739
2670 942
6624 8832
3250 8752
3803 8708
2789 8872
6653 8703
5050 8849
6678 8888
3913 8776
7375 8886
5876 396
5290 374
2788 8578
6780 8690
4096 8569
4223 8645
762 8131
8979 8834
7709 8904
2065 8899
8958 8421
2071 8909
7112 8327
8029 8817
3024 8820
4089 8722
6071 8897
2835 8850
195 8905
7440 8711
7166 8867
5744 8522
8104 8823
4114 8910
4865 8805
2026 8909
6424 8901
6789 8909
2365 8872
7098 8903
8371 8880
1185 8930
1970 8929
8925 8573
3491 8947
5557 8906
514 8917
7580 8856
1911 7722
3736 8791
4105 6825
7727 8945
2590 8921
3344 8925
6324 8873
4950 8787
6231 8963
6949 8677
936 2
3780 8970
1420 8902
3050 8917
8595 8966
1107 8931
2013 8967
7269 8957
3245 8731
3130 8979
6047 8976
3493 8978
8397 8930
5755 8969
343 1178
3763 8973
1731 8986
481 8958
7939 8986
8785 8982
1301 9000
