5600
6924 8399
5662 8398
804 8397
4899 8370
4884 8393
4410 8366
7954 8383
546 8350
5094 8385
3880 8389
3755 8389
6592 8384
2891 8347
3319 8373
5266 8371
680 8342
6779 8361
5631 8363
4616 8378
8249 8376
6344 8372
2140 8071
7254 8363
5681 8362
3525 8368
3886 8337
7068 8252
519 8355
7457 7542
6090 8352
3316 8332
2386 8357
831 7996
3973 8355
3348 8315
5110 8259
237 8284
819 8183
8166 8341
2620 8274
3208 8349
2817 314
5301 8315
7458 8340
2703 8205
518 8289
8266 158
5050 8314
4391 8324
2470 8226
582 8302
3763 7431
5115 8229
4190 8333
3395 8233
5192 325
5422 8292
3591 8278
1129 8088
4828 8317
2962 8317
4856 8260
5131 8307
54 7680
4373 8159
7248 8258
1780 8258
5196 8170
5121 8235
6082 8273
994 8252
4035 8250
2062 7988
4551 8273
615 7434
2483 8182
6415 8148
1260 8169
7781 8264
4828 8098
5061 8143
8291 8001
4024 7014
5148 8251
1454 8267
1666 7732
7451 8245
5999 7938
5745 8157
7510 8273
7015 4080
7431 8178
3318 8233
3673 7919
8252 8237
7282 8143
5121 7832
7519 7979
4308 8193
5090 7209
6811 7829
4830 8166
6109 8079
7112 8176
5663 8184
5398 8247
3721 8235
2567 389
4824 8116
273 8191
7824 123
4755 8127
7611 8120
8207 5618
2638 8225
4718 7947
5406 8180
3961 7634
6252 8079
7137 7966
251 8130
1570 8167
4289 7996
5300 8229
64 7753
2160 7815
2653 8141
6272 4569
1347 5288
6165 7533
2967 8176
3888 8190
5000 50
2454 8152
863 8202
7357 8184
6824 7929
1448 7907
2093 7076
1673 8196
4180 8125
12 7267
4069 7904
4302 8155
8386 7692
5297 8084
4797 7228
6790 8140
2485 6160
1849 7919
7504 8062
2186 8167
469 7937
8003 1508
4124 7955
1858 7150
5609 8137
5909 6504
6075 8104
1358 6972
2184 7000
1127 7943
6233 8084
2951 7866
1170 3376
389 8082
2705 8035
5311 2935
732 8127
6702 8144
7734 7060
4063 7860
4958 7852
5508 7838
1983 8037
6315 1575
1615 7967
5778 8097
4254 8153
6921 6923
1448 7729
633 5982
1892 6932
728 692
1199 5872
184 7834
7783 7659
1442 7882
7981 7897
2909 8092
912 8069
5467 7601
440 7528
7310 7106
7146 8102
1290 7980
5221 7802
1150 7720
1701 1535
6230 8079
2591 993
511 7937
1402 8114
1636 8108
4740 8090
6341 269
6025 8071
3009 8089
5744 1645
6 7755
4186 7398
7884 393
518 7151
2928 8041
4381 8080
7783 8116
1671 7853
8359 7079
1461 7658
1546 7866
7306 7467
7308 7991
3184 8062
8270 7734
7925 7727
5426 8089
2678 7944
24 8000
6126 7636
179 7980
4062 7123
2177 7991
6389 8062
5588 8072
5221 8011
7982 7489
5797 7852
5879 52
2969 7260
3761 7725
4871 2663
2600 3434
7990 5559
3576 8043
5721 3554
7983 8008
548 8042
6576 7224
1254 7792
7342 6487
3878 8050
7315 7462
2511 7917
697 8063
5966 7800
168 7897
1279 2884
6502 7858
4558 7793
930 8011
8371 7943
1851 5732
6335 509
3113 7857
4768 747
1261 4344
6443 4904
2532 2568
3362 963
209 7724
2697 8024
5011 7650
995 4119
6746 6715
4269 6824
3507 7680
4337 7248
8238 2546
6783 7356
1894 292
1611 1287
5738 7914
6679 1496
5474 7999
1842 7453
693 7804
6932 1248
915 2557
107 7939
3159 6107
1847 7832
5910 7945
2849 7343
3670 4663
1913 7850
3936 7351
1499 7933
518 1526
7741 6814
1570 3315
1585 7024
497 1395
2422 6616
935 28
3982 727
889 7979
2538 7960
762 7559
7030 7434
5276 5967
4195 7907
983 4504
7938 7378
7844 7727
5915 7342
1155 6410
6450 480
3847 1272
2180 7765
5623 5628
7373 7536
5262 6272
1471 2536
3486 7534
486 2056
480 7674
857 6406
4710 5291
8385 116
3663 5659
5773 7739
2313 7504
304 7362
5341 1898
5165 6720
6780 324
290 7055
3308 7358
6334 7705
2957 7556
2517 2576
6135 751
948 7707
2698 7433
640 6714
7014 7614
7668 685
4657 41
6905 6211
264 7556
4886 7468
513 6839
5380 7404
5456 1859
1204 7633
4423 6517
7047 6595
8396 6965
6971 1811
7195 105
4691 7785
1672 7477
3345 7562
2572 6483
6393 172
4139 7394
512 7018
980 7656
1567 7539
5380 626
1985 7653
7966 6919
7111 7759
1999 7576
4292 7486
3374 7708
6683 5973
4702 6903
3588 7781
1925 7312
338 6995
1021 5895
1359 2706
218 6787
2026 5257
8155 7224
1033 6858
2728 6752
7812 7704
60 7364
4383 7469
2932 6817
1501 7418
459 6535
2534 7171
2688 7050
7747 7361
3987 6979
6610 651
1512 7593
221 7797
2609 5012
2254 7318
5689 6878
1918 363
5632 758
1812 7604
2456 7594
736 5444
4448 7754
5498 112
5499 965
4395 7485
5103 6808
318 7066
1810 4060
7697 479
8369 6852
8397 7493
6455 443
542 176
3329 6958
2133 7645
8043 5470
5110 7252
5143 1963
1893 7184
3129 7740
8390 4434
1573 7509
3303 7706
2092 592
4717 7417
3393 7561
2779 6919
2926 7681
5671 7679
3433 7523
3834 7653
2731 7369
7246 6750
1102 5958
6922 7679
3056 2255
5432 6967
3507 2054
4278 7087
6338 7555
1520 7585
7963 6995
419 5930
7511 6076
867 245
7506 6619
7872 7623
4678 7481
7612 7621
692 5972
3809 7575
7231 4628
6147 7453
4042 1670
3652 7412
6464 2306
1772 5942
2395 7701
760 6550
7085 6765
907 358
3046 7639
3931 7336
3689 7676
6852 2344
3546 5020
3554 7654
2906 7384
1094 5575
5704 338
8375 1212
6301 1476
4451 2632
2084 7285
4363 7080
1563 7667
7472 714
7021 7342
1891 6485
7231 4139
3105 5252
1734 1383
2551 6997
5062 7513
8177 7659
6198 1485
2522 7405
295 7522
6138 4227
3640 5655
7357 7534
6053 4146
8358 6284
72 162
5050 472
6399 6643
5661 1796
1649 7373
7029 1386
3189 7441
181 6064
16 3762
7631 7219
6425 7381
4486 6943
1871 7134
2338 7308
5066 7426
4538 6724
4494 6434
4003 529
3234 3344
4204 7622
8232 6460
8044 7404
6621 7358
6439 7393
3747 4231
6176 299
7558 7205
1654 6702
87 5510
6150 1931
1349 1414
7687 7246
6137 3054
4517 6910
368 7205
4491 187
466 870
5847 7546
53 303
2955 5886
7372 239
1733 7516
2651 7344
8346 6900
3235 6471
2424 671
7393 1255
2449 818
5573 156
2907 7535
857 846
5967 7416
3218 378
5985 7144
1212 6771
4609 7165
4472 7556
5048 434
6593 6976
2430 7268
4575 130
5075 4571
6065 6690
7878 6666
4041 7443
2848 1484
1758 1576
7108 556
6898 1250
570 6446
2779 1752
1421 689
3237 30
3644 4737
8029 7055
7405 6399
1795 6527
1664 7193
4963 7252
1794 7354
1047 6034
2035 7062
4357 631
8156 4414
6436 6981
1428 7193
439 7137
2729 7472
1961 2977
7708 2359
7033 1910
4777 7207
3264 6261
3668 6959
740 331
260 7280
3807 6694
4818 7315
1164 6623
5572 2849
5081 6832
4295 5457
609 2050
4281 7018
6459 1004
6280 5736
8270 5306
7885 3733
7525 1461
3704 5172
3870 896
6740 5669
2903 300
3039 6111
2013 6694
6610 910
669 5211
5014 7322
6944 6770
6998 7301
3598 7007
4836 4771
1510 5011
502 6323
8360 6668
299 5984
4907 6355
6919 2516
7864 109
8175 4957
1374 7068
7551 6314
1696 2580
701 6611
6919 7174
1176 6570
2648 7297
8078 6420
4161 6576
3453 6309
5827 6613
1560 75
4200 5956
7224 5220
2914 4110
312 7227
5850 7287
7232 2920
7191 2137
5862 1715
2109 7134
4676 272
4687 7299
2433 6774
5045 6934
6988 6697
2723 6278
1149 6562
1766 7228
6728 6701
8094 6795
5455 5041
5074 7177
4270 162
6059 5248
7677 1849
4907 6985
5939 7367
6483 7309
1953 4816
277 6618
5196 124
7260 1051
7425 6676
5992 1311
2599 7173
7728 3354
2930 6953
7919 6022
3145 3530
1485 3842
937 7248
8167 2408
7633 627
3221 6532
2044 302
1494 6484
765 7036
7714 7163
4580 4180
1076 7286
7888 3637
8306 4400
5907 2560
2772 1032
2699 5461
3486 2175
7390 7256
7395 1538
5395 6193
8141 1163
3382 1782
7837 4471
6889 6846
3648 6865
2879 7232
3601 917
4578 6742
2320 6906
1291 1515
8034 6315
8072 893
612 49
275 7044
2302 726
5769 6591
1647 6030
2234 4770
7874 489
5010 6504
2839 5992
1377 6519
5534 5894
5652 546
5452 465
6392 167
5827 2308
5338 6787
3556 7084
2514 6875
8216 3767
409 2261
7985 3044
5544 6855
7729 859
5721 6924
3807 6510
4885 6263
8078 6185
3623 3243
8344 6901
3680 2638
7724 4613
4773 6106
4225 6881
4754 6263
5960 329
6417 1651
7324 279
5812 286
6831 6988
6947 5863
121 7188
3546 5230
3704 6927
8080 6748
4313 3724
7828 6971
4295 177
4632 7179
1558 1668
7939 2464
2100 6525
4779 6756
3606 6645
4802 1211
6383 6213
6166 4917
3596 4141
6587 3108
1693 476
1541 3193
494 7074
83 7008
1379 6850
2268 5023
5746 1840
6383 621
7144 7143
1294 4052
6182 226
7223 1584
2868 2680
797 5783
710 6309
6602 872
1242 2874
213 1390
2488 5346
2771 937
7764 1523
5235 6590
4639 1817
3463 784
2853 6375
2297 6564
302 1045
2558 6545
1438 2709
5139 3062
4165 247
7342 6619
6817 3665
4695 3807
921 5937
323 6992
6168 5798
1048 7088
7705 618
5251 6992
8329 6924
5171 5431
5280 6340
3094 5139
6906 1190
7947 622
943 6827
8189 1484
3792 7011
3688 7030
1549 6814
1817 36
5669 502
5224 2411
4417 5322
289 2294
3167 1333
6054 912
3225 7068
1370 2537
7566 3472
4675 3494
3536 4492
2082 6433
2565 599
2471 6911
7843 6957
410 6993
5925 4817
6921 7014
1682 6552
244 5437
4800 4464
2961 4658
4464 6278
7821 6127
3377 6815
2488 7032
1889 1950
8234 5896
3446 3319
6199 2618
7613 6358
2949 743
845 5563
1925 907
2738 6700
2544 4459
7529 2853
2591 6992
1485 6670
8188 4978
4290 6710
5030 6592
4645 624
5379 6812
4637 146
4718 7011
3894 6510
7722 6149
6695 6789
1907 2623
5513 4478
7553 2007
4122 4875
2261 6907
6382 6768
1470 6766
2475 7005
2426 6367
7894 474
2216 4256
2970 91
6797 5974
5899 627
4538 164
2872 1991
4538 6891
1629 69
4079 4005
8084 6505
3683 2509
3792 5976
6665 6990
6634 6278
4931 6536
2009 6521
1650 204
7443 1061
4596 3417
7468 4335
66 2122
1463 4833
2290 778
3551 2290
5755 3976
3412 5773
6997 6861
6655 324
1299 6556
4913 6856
2052 5444
4151 1725
1882 4359
6653 4823
2520 6724
7186 5147
6033 5138
3805 6505
8121 6936
1310 6641
548 4605
4096 476
7691 6510
3964 1522
3817 6526
2545 294
3283 2757
7157 1496
4468 5006
7453 1198
1181 6533
4033 4041
7482 3573
1281 421
733 6553
7759 4840
3243 1788
8050 6725
58 6064
7522 6710
5813 952
5409 3182
1668 6642
182 3441
3668 6473
2823 5821
5434 5478
6737 4718
6828 3057
6002 7441
3979 3683
4888 57
2020 1574
7334 4358
3595 5690
2357 5536
5030 582
8292 4978
1339 6553
902 2698
4089 4603
4244 168
931 709
4751 1564
1898 2403
2629 2136
3528 2393
1952 5172
6625 4603
1046 5923
911 5760
1906 1782
7810 3593
7190 4664
5605 6841
604 365
3245 5046
4206 45
6834 5848
1477 6553
4705 1023
3913 4673
7342 5661
3754 6177
5138 4251
2260 2696
5017 4154
3282 4717
4060 6838
166 4988
4297 3466
5437 6318
7613 5100
639 4164
4933 1013
2822 4051
2932 5933
6421 2036
6283 3150
432 6161
1264 1759
2948 607
4027 662
8149 5677
1740 6118
5585 824
8349 2537
886 490
3976 5331
6699 5440
340 5017
6127 6505
7376 5936
4683 6269
464 4460
5990 5923
779 3344
4546 6724
758 5820
2346 5088
6363 5584
7146 2611
531 2386
1196 5159
1768 6701
724 5318
8024 5880
6935 2528
5833 5922
7613 4564
6581 6579
1396 6752
2070 1270
6869 693
4484 1491
3756 1612
7275 6211
3882 5507
3876 1257
4401 4904
8249 5752
5716 6718
8085 6728
565 5835
3982 6412
3764 1704
4546 2585
5597 884
2585 4667
813 6126
258 2252
3032 3012
3912 2880
2948 6473
2449 6729
5040 2111
2677 12
4588 3913
84 6183
4358 506
2995 6618
5366 2171
3270 6631
6453 2437
7166 649
284 3223
7206 6020
5575 4952
4844 3796
3524 910
6017 6573
7504 6615
3841 2834
3996 2034
937 6261
569 6509
3269 651
4924 2222
2447 2976
3736 419
51 5359
5977 4909
4386 5849
6126 5728
655 279
1641 82
5273 2101
7165 1473
4983 6642
1028 361
6499 3113
7448 1739
4893 5400
3326 2004
4856 2817
4041 2359
3400 6629
2936 6587
6526 1557
4564 4425
1348 2993
5009 5166
2346 4247
6066 5235
6322 1382
742 1919
550 3691
191 6449
4737 5350
7372 5512
3799 2289
5444 865
731 6526
2425 6450
1368 5605
5231 6324
3308 1493
7244 5029
6881 6514
1298 1142
5961 1359
8381 5936
1543 4792
4547 1616
7851 242
541 5776
3180 2788
6187 3384
469 3568
2143 6154
2105 1986
6416 5775
3475 2521
1304 5635
3007 5739
171 1850
1854 850
3797 2265
5984 5326
6040 4655
7738 1950
2820 900
7636 397
8112 6489
6187 2988
5097 6324
6964 2504
725 4090
7387 1696
446 1001
538 6604
4098 5818
7559 6279
5372 3813
1900 1628
3534 3317
1326 3524
7211 497
975 5989
1788 3460
487 6069
4590 5532
857 5683
7499 5057
5749 2755
4035 1026
4269 6442
7026 1899
3646 6524
1930 6310
879 1807
3561 3697
289 2071
6637 1694
7824 5375
7539 5730
4174 6223
956 5347
1384 5215
6990 6437
4443 5616
2757 6231
1668 559
8346 5242
3525 6157
8170 4167
5085 1929
1356 3727
1324 6075
8229 6147
1730 6011
2600 689
1725 6308
4605 4693
8012 6136
5530 1882
4893 4718
6549 416
2668 1971
304 6540
5276 2227
7341 603
4327 4200
2840 5531
3631 1014
5392 6362
1646 6233
7452 5585
6779 3619
3442 3112
8174 3380
3501 2883
1602 3854
6296 216
943 1149
1863 5924
7551 1575
7715 5997
1966 5775
5804 2562
2818 6275
7992 5970
4405 5125
1556 1276
5028 787
1759 2805
6009 3159
1796 6313
5216 2945
7365 2939
6520 1604
4307 1101
8042 4936
7650 4426
161 1261
22 6393
4003 5122
1927 4456
3183 1930
6017 5954
3982 6269
222 3030
3542 4031
5951 5089
4290 5165
1551 4697
6124 954
5911 1153
2450 5879
754 2071
8108 2005
7484 5327
8353 2094
5349 6151
1480 1000
6880 5074
5735 1882
868 3456
8397 5954
3899 6281
6207 4220
3498 3495
7972 1289
5787 6358
2467 4634
4488 2084
6790 729
5591 3303
5624 794
3812 579
7958 2548
4758 6145
2983 4499
6026 1489
7018 932
6849 6208
927 2117
8354 5917
1225 4077
503 6035
2696 4575
4521 1935
7123 5292
2259 601
6117 6338
327 1217
4110 612
1686 382
3072 602
5222 6597
2743 1778
3305 4518
1156 6367
2706 4487
7755 5684
3509 2473
1723 3968
5577 6697
7705 505
3162 4867
3853 5128
3793 3613
2081 1923
7783 5632
7753 1777
7774 3037
313 5170
5581 326
300 3713
416 6084
3097 6298
5846 2156
8360 1786
4824 2832
1613 6022
1217 5249
8037 5960
6418 6103
1348 4363
2187 6125
1968 5222
354 2960
5166 5931
4682 2247
6491 4669
2837 7945
3271 6322
275 2040
2453 1468
4633 4903
7215 4325
5889 275
4876 5143
6366 6315
3177 4940
8091 705
747 2604
3234 5988
1079 3381
6077 4078
296 3784
7745 3649
2568 4978
5437 5460
5826 3582
6713 7152
2572 2484
5296 4369
1456 772
311 3674
242 1854
7551 2082
8199 6044
3957 2601
1611 5970
3748 101
8275 5557
3379 4661
2210 4432
5414 2029
3379 5700
4164 1030
5754 245
1289 2954
2505 1851
5856 4500
7884 3204
3902 2859
7342 5739
5828 4604
7403 4961
3656 4171
4286 2473
1095 6260
3440 566
1435 3036
6609 1122
2859 5861
3384 759
1198 954
194 5559
1172 2043
944 326
7507 3932
3489 5998
5684 5986
1237 5751
4341 2741
638 2371
6014 1159
2545 5540
6806 3485
8359 3405
4959 2170
8024 3045
5581 5416
900 4808
4559 3566
2666 4765
1042 5653
2541 2153
3387 5021
5891 6128
5030 5959
5316 6042
7415 5075
3952 1806
6422 5074
3312 2391
1828 3024
7763 5801
3988 5391
6368 3120
7504 916
4726 2463
1864 5878
4297 4551
5997 2930
4329 4713
146 4462
3569 1272
1466 5527
7241 4633
6082 3208
7989 3509
4851 3791
5336 3494
818 5000
899 1260
6247 5340
571 2021
3980 5074
3092 428
6790 3277
7727 1565
6259 3170
5141 5861
4211 5698
5958 6133
1279 215
2040 3386
2996 3422
5744 2522
1967 1486
689 3967
6026 2641
3157 5027
5811 1936
239 4562
2345 2977
6976 3218
7911 522
6613 1039
3761 5729
731 2976
2095 792
6010 71
1663 1865
3097 502
7271 2917
7509 1368
6842 5918
2855 3638
6764 2780
6067 5805
5969 2200
4087 5553
4650 2769
4341 1739
4817 5243
7794 5204
2613 4685
2521 3978
134 1573
2090 625
757 121
6912 2445
3105 4887
8140 578
3892 2246
2252 5876
1299 3665
2339 7259
8387 5026
1712 4534
5081 6001
7712 2327
5673 3226
2910 3007
3277 4953
1519 346
7849 2943
7953 5525
4808 5833
1278 4463
8184 3327
4249 1905
2105 4135
411 6013
6958 4793
1762 2369
2547 872
260 5192
989 2912
2835 4807
6187 5075
7705 3827
1374 4148
3640 3269
1525 4652
3268 4050
1631 5578
4628 4030
3107 737
2691 5927
3473 5659
5128 3533
1678 5838
2761 1271
7125 4373
952 6277
3372 5420
4222 5302
1079 2566
7982 553
1743 5720
3152 5705
525 1353
4977 2066
8292 148
6762 5963
6295 3866
1369 5811
4994 5184
6361 1554
7907 3051
1610 5241
4767 3161
2679 6692
5229 5419
2961 5258
1134 387
3139 5946
4408 5860
2635 5108
1694 4238
5889 3922
1751 559
7263 5977
3939 4394
8206 2860
1195 2852
5062 1233
4465 994
6107 5706
3272 1297
4843 1792
5970 2744
5806 1372
846 6692
7196 5577
1481 5796
4790 2381
1631 5331
726 1584
5062 4474
2878 5057
1087 5183
7786 1657
2153 5866
7436 3877
7669 382
2231 4992
7183 3127
1727 2703
2977 771
5031 1585
3589 5662
7547 4287
5615 454
8264 2363
724 4315
8297 5893
1569 5822
3733 4932
7257 1711
2806 2951
4630 5140
7110 4874
2847 1635
2869 5463
2876 4238
3445 2433
2679 4020
6107 3463
8390 807
1509 4439
8125 1159
6139 5343
1322 5703
644 5597
1610 650
292 3326
1784 5019
412 245
6118 4219
7312 3988
4954 2581
974 4249
6591 3703
290 5909
6850 2249
7541 5929
892 5403
492 863
6804 778
1721 5561
543 4925
7825 1684
6860 5286
7127 4121
6680 4177
3102 177
1101 2963
2018 5790
6164 849
334 2340
6138 655
5152 1745
8189 4779
1209 5822
6421 1848
489 5717
5524 998
3072 2703
5240 5737
1944 5659
969 4124
7775 4017
4062 2869
8184 2304
7517 2544
5305 3265
2774 5279
6922 1553
590 5819
3386 5270
1548 5247
3208 4621
2554 4129
5624 5814
189 3127
2004 5493
7900 2944
4115 1012
2391 6218
5791 1596
1312 3285
5305 832
7966 1192
6453 5000
7016 5170
4376 5753
2945 887
4093 5043
6574 2348
6668 4325
2951 5512
3143 3482
532 775
6414 951
3561 5729
3560 5486
6818 3928
5737 3182
154 1392
4986 5542
1966 3159
6225 5059
6568 5244
2951 3472
5146 461
4416 1053
3002 3639
8069 3252
3065 1917
5698 3511
7566 4490
6461 5530
5933 4511
5643 4342
5480 3422
2995 5171
4130 3809
3270 3028
4027 5116
3296 1541
5972 5754
5447 1861
4122 1598
4094 3556
5826 3378
4036 5441
8000 5673
6698 5030
6080 5742
3287 5088
2180 1994
4178 418
5882 3828
3060 3873
5297 3403
6466 4913
4308 1454
2373 2968
123 5594
350 2494
3443 3780
1363 5372
7814 5724
5913 4531
5252 1758
5588 768
7289 5696
517 1589
5239 1673
2871 983
2952 2980
625 5661
5006 2985
5142 4362
8365 3033
136 4858
239 4434
1947 5450
2882 5065
5348 4509
6354 5435
7652 4168
680 5219
3033 1159
1352 4131
8399 2957
201 5356
4757 5707
1947 960
2565 1741
4438 190
3314 3638
5321 4923
4011 3220
3738 196
4185 5019
6388 5437
5117 5482
1386 5000
5768 2278
7781 5543
3313 49
3152 3674
6082 3374
5117 2752
5674 3110
789 4502
7974 5104
5647 1915
7447 1777
2496 1163
6821 2203
3389 4339
276 3159
6641 4978
3307 5261
386 5208
1318 5245
7096 3960
4422 5526
4523 4491
4128 5336
4711 5469
7137 2025
7761 3255
274 12
1881 3758
5160 5221
3493 2012
6955 3060
2375 4007
5159 4061
3910 4761
6623 4250
2205 3504
5998 5458
3106 146
4784 3085
431 2278
5180 5554
5443 6107
5518 4390
615 3316
4984 1772
7856 3696
8265 378
6625 4837
3874 2327
8321 1950
8213 5428
3832 1698
8315 1954
4295 3884
4448 5393
4267 3314
7589 1672
6146 2097
188 787
5808 667
2200 3566
6029 2194
3935 2068
2715 4798
2307 4100
2981 342
275 4209
4532 3331
8386 2577
801 1491
1212 519
8357 3630
5625 4188
7333 3999
7192 5215
3934 5345
4550 5480
468 3376
3503 5160
7892 454
8261 3134
1597 876
7943 1145
2994 5317
246 313
110 4601
7647 5038
4092 3128
57 3970
6422 4080
7736 4930
7504 2340
6175 5286
4717 3626
3281 5245
4773 4862
3759 5221
3792 3710
7016 5001
521 4989
887 5188
4000 518
3944 1125
3467 4957
5949 1554
4076 4534
2454 575
3988 1861
4040 3162
1193 993
812 1731
2601 5120
2935 1787
8373 2802
2726 1894
5986 3449
4027 2600
1562 4791
5521 4298
6154 5321
6114 2575
8332 6666
2003 2530
3874 5174
6581 4007
7255 3431
142 5793
5128 5321
1446 5175
2363 3171
2562 3124
1295 3291
7158 1821
6706 5189
4884 1773
1240 4865
7839 2011
4897 3216
1470 50
3065 5205
150 2821
7161 4598
178 3922
349 3160
6003 3870
5902 732
6784 2079
8179 4447
3755 4994
3680 3752
962 4743
6020 3269
1358 3328
7127 1570
8235 63
7423 736
4886 3799
5665 4099
8116 2465
7501 6516
6335 4379
7583 64
274 4961
5814 860
8162 4198
2599 1575
5283 5300
3326 2730
6917 4018
1857 1900
6833 5147
7311 3459
1628 2681
2102 5124
1665 3510
6424 2065
3561 1747
2186 4904
4429 3092
3887 775
468 5930
4067 2912
1424 5305
417 2140
4185 3407
4075 5020
8330 5834
900 5385
3634 561
1314 365
2216 5621
4127 2945
7747 854
2708 3815
5241 1129
7280 2585
6094 4221
5165 2674
5205 4898
7581 3196
5418 3035
6652 4914
3220 2270
816 7576
5520 1613
4427 3617
7678 4867
8006 5176
4897 3293
1471 4772
3897 3726
1357 4765
1680 3018
5774 3004
2698 5756
6813 350
8113 3863
2441 2529
8153 5255
836 3636
4771 5275
1842 540
1857 4967
2828 2127
5505 4463
472 558
3138 462
385 6811
6691 4224
4766 5267
7931 2906
6074 4098
4500 5665
2548 1004
4993 1084
1331 655
7494 2528
3493 4522
6785 5214
3133 4824
5076 3634
2928 3590
7792 3542
4737 5223
5129 723
462 4075
5086 4533
7652 2642
6640 2686
4300 959
1171 2974
3821 690
6056 5105
4763 2354
5023 82
2604 628
1543 1776
3394 4930
118 4784
5680 5089
556 3151
2554 258
7429 2272
4387 1771
3055 1275
5102 4549
446 2771
4156 821
5077 1359
7747 5268
6446 3961
5490 3842
3806 4123
6794 4794
8382 2335
6453 5181
5331 69
1063 4001
4044 4183
2834 2184
1757 4852
2741 4741
612 5131
7946 2506
7212 4010
1878 4572
5201 2664
2422 4408
5319 2362
6406 1199
333 1469
2527 4984
6341 1621
4830 728
4032 4347
1278 2723
2894 3336
4836 6546
466 2315
3233 4350
3011 3612
3937 2570
5380 5170
8039 3058
676 7552
1758 1126
4393 396
2589 4910
6280 2839
7334 2670
1746 2914
5820 4928
7429 3944
7341 3291
3088 2909
7585 4182
1602 1490
5529 2269
2197 5316
1658 857
5213 3867
2222 2226
7916 279
4172 1160
6104 3254
8026 4424
4633 4395
3634 1780
3664 3395
6588 2937
4505 2811
1912 3856
6570 1794
5069 1559
4386 3291
1886 1687
3514 4200
6761 461
4288 2389
5703 1129
2378 4567
2819 824
5653 3821
1534 1141
2484 1736
5731 344
1796 746
294 1458
4029 588
43 5165
8228 4000
3043 779
1051 4272
336 3054
4169 4756
977 3153
142 1440
5427 4851
3374 6470
318 2041
5565 1845
6978 1126
7422 1391
7849 4637
7210 3892
2238 4164
7553 3884
7536 5803
2653 4614
7640 2554
5788 4397
2304 3775
1170 2504
4494 3916
1488 892
6736 2341
2200 4656
1172 4381
272 3781
3646 4309
6505 135
150 1920
2511 4426
7735 414
6186 2802
3654 2502
6565 4050
3379 2722
6806 2916
3821 4917
3307 3511
6350 3612
2440 1044
6119 2674
2595 5010
7370 3753
1140 3351
5001 2015
2384 3909
161 7028
1279 4389
4373 2133
2593 4011
8094 2468
6141 3198
5937 1680
4167 4722
133 3522
2487 2143
1423 947
7349 708
5999 1240
967 2446
3424 4405
6985 595
2551 4228
1262 4701
1314 3847
1484 2705
7637 734
2968 4312
2159 430
1205 4024
1755 7295
7202 4346
369 4363
7879 3064
712 1647
1492 1333
7079 42
7184 3606
7405 2678
2401 5033
270 4770
5669 4144
306 438
3919 6084
3540 339
8230 4759
3681 63
2556 3953
4909 2385
1934 3962
1939 7186
5843 50
7188 4494
5237 3993
3125 801
1947 2414
2048 1095
6616 4688
3139 5506
1568 3533
7187 511
7112 2572
3793 3280
7700 2860
6587 4938
1821 167
4924 3972
493 1162
85 4915
8136 5207
2876 2947
6292 2953
710 26
3112 4262
5482 497
3245 2208
4075 166
5228 3766
2342 3645
657 4575
7277 3809
5292 3543
7395 2905
7860 341
5622 437
180 4863
7314 3702
7642 2731
5147 3559
6087 444
3062 5147
4977 3227
3148 5476
2077 6248
5444 2101
2425 3650
4802 1002
1436 1439
4409 4811
1524 1528
3842 3689
241 3955
3176 2487
1701 1043
2287 1169
6417 4200
498 2903
1514 34
976 3242
7345 2392
6761 4916
2073 6595
4464 5279
3248 3605
2491 3418
553 3605
147 1266
4107 3717
665 3425
159 4085
7518 1961
6566 4614
192 765
1244 7258
6509 2109
2436 2543
6610 2972
2761 5696
8283 1861
4719 405
4809 2497
1860 2993
4691 93
5629 4585
2938 1539
5805 3976
6568 1897
3740 4184
1683 76
6454 4570
4409 7198
7682 2124
8326 4273
998 3697
3472 3827
1102 2331
810 1805
7768 2936
5464 2570
6524 4805
831 4814
748 122
6764 6779
856 4482
3485 7678
7912 3115
5222 3535
1565 4798
4946 163
4259 2581
5381 7601
1643 233
3029 1197
8231 3950
182 4830
3516 555
5438 1817
2926 3658
2107 4811
5280 1597
34 1042
7438 3774
529 2033
1641 1261
3481 3592
5910 1975
5263 4807
7019 1154
8165 1664
2165 4276
5211 1710
8172 5956
4568 7031
159 3116
3671 5848
3786 6035
7860 4556
1180 4153
726 704
3668 4190
5298 3881
7580 1953
2969 1885
32 1955
2145 2491
1804 2892
6040 1659
1629 2122
3047 2318
7362 1881
2558 1837
7527 2787
8081 2799
4146 1083
3512 3706
5862 3027
1742 1543
5815 4151
2611 3449
2739 4183
1199 3121
1922 2598
2372 4642
3524 4219
2000 2140
3030 2449
8055 2197
5550 1786
7299 4012
4550 2051
4929 567
4719 4255
6465 2724
8032 5027
4889 4186
8036 3379
3026 1927
5253 4567
2005 3196
8278 3289
7329 1484
3479 57
1393 5185
6268 3989
8231 3421
5441 4608
2594 847
2050 255
7304 4931
3395 2679
8362 428
3439 4652
5006 764
940 2933
4018 2480
40 4456
5290 847
5481 3670
2433 3720
7631 2466
6215 5358
1975 4454
6320 4312
1588 4382
2599 4282
3316 89
3477 5835
2664 651
1290 4690
139 1075
4765 4623
913 3983
3484 3712
5363 2162
7636 420
3270 4542
6334 6809
1162 2394
6365 7212
7923 2063
7392 4227
2429 602
7845 3665
7106 3972
7864 4246
5381 3111
5927 3183
4288 4035
1105 2625
2651 4121
440 1842
305 37
1927 7679
1224 4328
1303 7203
5588 4271
2724 4148
2357 4392
758 1588
6935 4530
3560 3808
6374 4480
4055 4579
4980 3290
3008 4391
7839 2653
6270 2337
5457 412
2746 6703
1106 3883
2094 2246
7974 3671
3855 102
1713 5791
7761 2327
5638 4190
1487 4603
2959 3518
1429 3876
2814 3080
915 780
1052 4928
4392 5922
625 4730
2113 376
3915 1425
3710 2255
4485 6371
5610 3430
3564 4076
3575 4437
721 238
3730 2379
5155 655
6375 2606
634 4128
4322 4489
4828 4426
3288 3864
7572 4119
1087 292
6472 2848
1195 4150
5351 4072
1683 4341
3879 1184
6284 2974
3219 1911
6812 3634
2187 3797
6366 4187
149 5592
6907 695
6570 2845
3017 2809
4443 1098
3501 1572
5271 3800
5562 3217
5073 935
3666 199
6399 2995
5545 951
1785 1224
587 5720
5721 230
4519 3665
2756 4538
2973 3304
7953 620
7111 1827
4512 51
5633 1424
2631 1220
4784 4205
2899 6923
7284 398
2578 574
3884 2454
53 4293
1207 6200
7890 1482
3473 3954
8332 943
2847 3215
5906 2394
100 908
7928 4308
2498 3444
5722 2898
2214 623
7218 6549
1566 718
7001 5635
300 1420
3186 4029
8213 2386
2823 636
6473 5101
4051 377
5773 3844
2173 217
2560 307
8067 4411
288 6938
6005 2143
6603 351
7487 3917
6349 1001
1323 4392
5931 3141
4351 1073
3264 3353
6647 4487
8389 14
5846 3698
7386 2349
1571 692
5261 1589
542 3317
2024 2842
2625 6072
4231 1567
5494 6102
4237 1767
1363 3043
6798 1278
2946 1511
8370 1562
2223 860
2077 5378
3253 3329
4693 3124
174 3167
4863 3087
4887 3788
5465 767
2540 1073
6687 114
7931 4019
2965 4680
4041 304
6458 964
3142 3309
184 3384
5983 4653
2745 3369
1355 4175
6259 1903
7475 4012
2224 3088
8094 1997
5353 3867
6768 2860
1540 3430
2984 3993
1520 1562
1241 182
6554 4976
7854 3776
1486 3829
3507 1957
3523 1042
1682 1598
8303 1392
1964 3920
5509 1904
4481 251
7574 936
221 4172
8038 1799
5792 2540
7127 2345
4279 3167
2338 8053
4489 4595
2570 2158
1156 3548
5405 4342
6396 1604
4268 1966
1712 845
5407 2347
5317 2068
6355 4661
935 4710
7626 183
2242 265
599 3634
3645 440
43 3568
1150 2352
6150 1582
8168 3545
7382 676
7257 4511
588 4273
4304 2534
6683 4132
1531 1682
2815 555
4485 2882
4812 2116
4393 3017
7009 4062
4765 3003
4221 5029
2506 122
7045 2338
6660 5491
7616 4009
223 4895
7282 3609
5704 3583
4498 2462
6224 4248
7367 4179
2308 1257
3313 1336
6559 5105
7478 3836
6277 3773
3957 3127
5018 800
6959 2409
4994 1700
1305 611
5434 3092
1636 4880
6165 1718
5691 3098
3476 2552
8277 766
7863 3382
1613 5144
8157 818
4945 151
272 6259
5190 702
4666 1676
3278 4011
1137 2275
6800 4241
1764 1983
4216 459
4509 947
1733 1148
2148 2325
2055 4934
6336 4361
4814 2117
3848 2191
2020 6656
3141 4247
6448 4528
4567 1315
2496 3809
6782 1752
4604 2962
2976 1309
6370 3491
3972 2281
1093 2764
2111 3587
2987 1430
1026 6132
854 1868
7082 907
6349 12
6298 5719
3737 5437
5993 780
5965 3049
5987 2883
583 893
7039 925
7199 2538
6301 3690
453 4486
7247 676
4012 633
2424 4282
2635 4589
7286 1193
5127 6692
3174 139
3038 2556
3332 2592
3937 5500
7913 3287
4182 3689
6984 1186
7389 7060
1537 204
4064 3694
3475 2130
3985 5677
2663 3496
6652 1756
1442 2319
5649 4649
7551 2893
8160 3111
3765 2797
1392 2837
2352 4486
617 1725
4593 6625
4133 5086
3575 2788
1190 601
2087 5692
6516 3271
573 4509
8279 3565
3640 1625
2611 3476
425 2128
3483 1499
729 4586
2775 239
4017 1430
6962 5158
7287 1043
3247 2866
4186 3775
2724 3041
7574 1060
5675 2618
6324 1213
3073 2002
7634 2707
7166 6719
7604 1373
5118 6233
1714 2692
4573 3385
1453 6519
3808 6003
7272 1594
1276 2518
3529 3776
1760 4072
7575 985
6761 7033
7530 972
4998 4372
2452 3675
2531 3153
5304 1099
2758 1480
6459 4370
5989 4803
6113 437
2920 853
921 2293
5560 264
4836 5877
5006 472
3939 3940
4526 4095
4361 5675
6372 5694
2371 2658
5519 4125
1215 2920
8211 1957
6886 3318
1983 2840
6396 656
5498 116
2883 4769
5399 3264
3124 1254
450 6593
222 1811
1545 1046
7646 899
6057 3184
270 2223
6173 4069
5753 4931
468 4764
4350 3940
4953 2142
7335 1281
3260 4678
3671 3930
1172 3601
5250 1184
6798 4201
93 4379
7427 3723
3965 6368
5651 826
1677 6061
7089 3903
2258 3844
2071 6753
893 7435
5791 935
7580 3422
5590 2921
732 7071
7530 980
3327 2935
6393 5012
1247 5944
4531 142
5953 3075
134 6549
5493 3349
4242 3116
398 3448
3608 2723
2583 3854
5891 4050
1283 975
1578 1494
7189 4587
4654 547
742 4057
2320 7002
7717 302
6947 5617
2821 5111
331 4299
7215 2039
3979 2669
8330 1714
4214 3868
6472 2524
7165 3886
3940 3980
5573 6166
1065 4225
1651 3695
1135 927
7920 785
3003 1316
2601 490
348 1380
202 1404
2557 1884
4274 5094
5409 2253
5886 3771
7180 7071
5396 3818
3163 2007
1521 4273
753 6348
2231 1131
7240 1134
6130 3698
5651 3489
5737 1470
3681 3578
1508 256
2765 3789
8052 1263
1207 4051
67 5871
1185 5145
602 3267
1146 3969
169 1254
6268 5035
8054 864
6595 2505
2840 5936
5960 1050
4560 2343
1496 3026
3521 1214
965 2087
2407 3354
4855 223
1054 2621
7554 7870
4863 1839
7481 1485
3123 3635
6187 2140
4142 5478
6436 3062
213 2563
1646 2359
1679 2773
4309 423
5667 1638
6574 853
7525 1800
6478 3147
4238 2297
785 1416
5524 4099
3520 668
6652 2254
2044 5342
3386 3327
8047 2685
5338 458
1423 5751
505 3291
1808 69
5909 4739
6987 1654
2534 2862
7991 7660
4338 5545
4564 1411
7404 1676
1023 2564
689 1243
2247 5246
2146 4213
1442 5679
4560 5650
6291 4745
7355 4227
250 3875
4766 775
4172 2413
1117 1048
5779 4562
6801 2890
327 1141
4758 2492
4456 5967
4510 143
8089 2571
1453 3194
5697 6458
2822 3909
4378 2133
4837 7360
3681 5799
1054 1798
5057 3996
3163 2665
5690 1824
7421 2581
5403 948
7017 368
1954 5691
3950 173
7853 610
8102 4347
4673 2127
5885 708
6117 378
7698 5253
2664 4380
4328 2323
257 3889
558 3763
7436 1528
531 64
1362 2037
3693 3704
1890 4412
829 5015
503 1426
5759 2585
4304 6858
2255 6850
6193 2140
3546 2031
5785 3815
1507 2500
4964 4444
6040 5902
502 5304
3526 5132
5514 6219
273 3050
6599 5045
7067 2159
1091 4202
2866 4190
2667 3460
4327 1993
8399 4756
7792 2535
6654 2161
4767 5275
2934 6806
3450 4269
3714 5859
6781 6978
7131 4006
3839 1713
1661 123
3176 300
3621 3668
2121 3010
8277 795
8149 956
1434 4785
2900 2854
7111 1275
1950 1737
2179 255
1650 4335
1899 5784
2574 4153
8264 2345
7290 4200
5207 5485
6294 4773
8191 2784
1054 3074
7615 3754
5276 6448
7735 196
7199 1907
6066 1573
4624 1129
55 522
2851 2285
3446 100
3508 5013
2637 2084
5666 6459
4993 5369
8180 1860
4088 1405
5448 4654
1681 142
5233 2311
7043 2256
1172 1326
5086 2656
8169 2666
326 4360
4710 1213
6183 1610
6953 980
5157 1800
2579 2308
1025 1287
2415 3263
7614 5814
260 6306
1146 5600
1649 4553
6320 1277
3169 250
454 2613
5970 1638
8184 278
6826 3486
2063 2762
8314 3517
4876 4376
2230 4459
3184 6181
401 4220
13 2187
4457 2317
1043 2049
3656 4179
5169 4584
5436 2175
5831 4190
3940 709
4426 329
4116 6861
6679 2347
4223 3895
33 861
5298 2221
7435 2621
6710 4092
68 2807
2176 3044
2441 349
228 343
2535 2872
1785 2108
1459 2574
1981 1583
2614 6226
7752 1913
7481 3908
1169 595
2324 1874
4407 431
4442 3148
3568 3946
6637 6535
8397 4766
4125 2366
5833 3882
827 1591
289 1116
3014 6181
7880 3352
8229 1734
4052 6348
3389 6571
8020 3359
2308 3151
7475 4324
3786 1706
5128 6347
7245 2345
5070 2954
7322 1845
1538 2055
4495 3870
3593 1988
7000 3022
6756 4357
614 2188
4256 4454
8303 3329
5242 2442
5267 4607
4401 3594
7205 1960
1545 2734
7763 5434
317 3842
2634 3721
6129 3521
7497 3412
3464 2587
1625 5936
4700 3073
4752 299
4596 4329
7838 5193
6600 3035
7554 585
5144 2795
2803 1069
1813 1457
8316 3772
5372 3234
571 1118
5137 364
2866 1700
7797 2296
1343 1816
8196 504
5636 5802
1194 1076
5868 3862
5399 4159
8075 2355
8064 2807
5456 2434
526 2599
4922 7756
1779 3606
6795 3511
2268 1298
2693 2398
3719 999
6714 4398
3289 704
542 207
7905 2628
3136 1406
5848 4911
6289 1902
4108 1309
2755 5537
2686 3277
3132 4358
8266 3230
1647 690
6173 5284
2090 7725
6524 4187
2722 3700
6817 6611
5754 2340
2711 7752
6347 4694
1528 1228
5426 2559
5833 4639
3807 1969
6309 3532
3333 4656
5560 3180
5402 1048
4629 1131
4189 2873
4303 3301
3072 106
7844 689
275 3162
4785 1475
1413 4285
2549 4142
93 3074
5124 1301
4027 7242
6979 4682
7758 2706
2627 2500
394 2649
6470 2832
1243 4227
4586 3200
3127 4681
1961 3465
3235 3207
6573 2468
3218 2237
1935 594
1582 5304
7400 811
1399 2192
5621 339
1581 413
1805 4057
4309 3068
2910 626
2111 2525
826 509
7143 405
2895 2925
2908 471
5467 4234
2153 1632
3989 879
2029 4544
4908 4774
7898 3838
702 5659
7810 1239
7108 2228
1502 3507
1062 1500
7120 2966
808 5040
881 2502
6070 2773
4050 2068
4403 1587
7770 5511
2011 2869
6474 289
6122 807
228 3935
6818 2686
7104 3213
2488 3188
6873 4798
6541 1879
2077 4253
2691 2090
4309 1676
423 5235
522 2761
3767 3220
2344 3994
5425 69
6692 1212
6298 4037
8188 6009
305 2226
5976 1861
4001 2849
7971 3683
7956 6034
1350 5666
37 397
4174 2546
4156 3090
625 3130
4578 4350
408 6142
3289 3014
6479 4186
6342 1132
2360 1805
3269 1453
4616 2258
2735 4433
6214 4564
8192 160
4196 3932
5909 4818
4792 4749
6936 1942
2119 2311
6849 3818
3851 1940
1455 4808
3206 949
7635 1417
720 2112
1881 1406
5694 3012
1109 4488
2263 4010
1784 7213
3522 3669
1309 1332
8194 4566
1201 1712
2607 1921
2815 2822
5335 3708
3616 1972
7592 2679
3191 3958
5882 3412
2591 2227
3249 2675
4661 1758
497 2247
6163 5706
2067 4569
4665 4705
1545 2278
7989 2391
1042 3568
5568 2206
2753 4603
6570 5705
7775 1694
1330 1490
992 2745
6190 3217
902 3524
1587 3363
1294 2508
5421 1915
2057 3128
7980 4672
4353 5153
367 784
3206 2123
657 4209
4097 457
3193 4497
1790 1403
314 1117
2881 492
6949 3774
1382 4627
1889 4693
7044 5875
8367 2439
534 4111
3236 2156
3161 4931
3863 2923
3523 1503
1294 3084
2073 1514
5069 1011
1770 933
7216 2135
3983 341
3682 2598
921 294
8258 6082
344 1915
2174 1572
5867 4704
2211 4949
7851 1511
1945 6453
4881 1616
5927 5714
1520 2990
7699 1393
621 4845
6004 2983
769 3998
5787 470
5107 549
6086 3539
7131 4680
6577 4490
6115 2083
953 3366
2016 1116
6078 447
7002 1197
6356 3128
7847 804
2609 369
2556 3056
4504 3455
1633 3433
385 1535
5942 3244
1900 2405
4823 3245
7777 1597
5011 3990
6805 3170
8155 197
7788 3581
2188 2154
8093 3054
3984 2275
7007 1297
7827 5781
1763 2708
2616 1831
5144 2979
6977 1266
5412 5039
7417 5090
2918 2400
5233 4770
6759 1109
7261 3255
6659 2023
8170 2048
1014 7387
2369 5311
6425 1517
6467 272
4711 4944
374 2553
660 2124
8250 4526
7258 471
221 3422
2514 3774
3485 2852
7515 1866
3499 2044
3822 1837
446 4709
3006 4308
412 4253
8256 173
27 1969
1303 2849
6431 3017
7543 5677
4354 4055
4986 2804
5894 3117
2013 5229
2627 1245
3656 5161
1010 5342
4152 5477
81 3398
2970 4377
7790 4067
4593 499
7220 5687
5788 4537
4403 1841
2704 3018
5869 4617
5572 2020
4409 2081
2498 104
7664 859
3607 2729
1817 3833
5132 746
8265 3792
8182 1657
6100 3871
6131 130
2529 2019
4956 3014
5074 1486
1190 4779
6613 566
1881 7692
843 3013
4980 6791
316 3180
2233 2955
3110 5425
5517 2940
4798 1935
3232 929
7290 5114
5787 4773
3762 3362
2810 4972
106 491
5252 1561
2602 3779
5490 3321
4701 3347
6072 4633
7878 1088
794 3736
1804 4402
8301 2666
4903 836
1829 3799
5125 2938
586 4336
7454 3178
2356 4752
3213 1365
7649 3017
2068 302
19 1560
8286 4353
873 2449
1987 7634
38 1612
4783 4892
6628 4239
4302 5062
6150 4380
5486 3716
6318 2229
324 5111
5694 4423
602 3668
2124 638
230 4031
2887 1543
5358 1023
1892 3648
2793 1455
4306 4662
6036 3332
763 3394
3374 3398
3812 5501
6775 5473
6739 3500
8081 1529
91 2744
161 1421
5160 4501
1637 1617
3526 304
2105 5433
2546 3002
8334 1954
1406 2320
3159 3367
6260 389
5699 4309
4622 2446
8389 441
1967 3976
2957 3345
5100 1916
8293 2913
7473 811
4065 4342
7761 5278
6691 1681
5604 4018
4654 1582
6403 4721
3807 2999
4977 2911
3543 5136
558 7176
4355 2267
809 636
2666 6585
7974 3050
7320 3089
6705 1577
187 459
2458 3565
4460 3498
2480 2529
5645 3331
5179 5373
4524 1395
669 2624
3860 3321
109 3361
3243 3399
68 1275
2392 5000
1241 358
6060 2228
4403 5366
6559 1121
5076 3628
4938 5130
5668 6814
2365 3068
1650 4594
2833 4985
6522 1374
7272 2237
4659 4108
4649 1268
3588 2266
4466 3221
7473 22
640 1107
3279 1093
41 1757
7441 4114
3409 3106
5930 3072
4348 2998
4470 978
3592 5690
2061 3156
6394 5009
7808 1659
3331 912
7763 1738
7071 3965
4145 2603
794 4801
61 906
5868 5957
6728 5712
7897 1371
6580 379
3996 4962
4091 5313
3636 1788
2699 147
1311 3064
490 2630
4940 4201
2462 80
7987 4614
5507 7695
547 4486
3852 4334
7594 1222
500 2057
3163 2505
7481 1192
2859 1381
5864 3150
6559 3635
1023 6162
3269 1574
4196 4152
7167 4570
6662 1209
1799 2019
4249 986
6571 481
2596 5390
805 3796
4974 7147
763 2973
1755 4486
4019 3896
630 4743
4291 5712
2479 4085
7984 2930
998 419
2798 2702
1504 4682
1683 4273
3361 2292
4906 3673
5614 5191
3541 5033
5733 1082
437 2252
2 3085
3750 3987
5232 4277
2027 1198
1088 2589
7946 1600
2510 2072
3394 4757
4508 3610
149 2244
2226 2513
1253 7493
77 2577
3680 4936
7924 4019
6406 2420
1817 1659
895 179
5135 3210
5031 1435
2828 3047
352 1979
6287 3332
4133 5446
691 2733
4665 984
5269 4956
1020 3180
5503 5432
8326 3223
3334 3328
6722 4430
4148 2915
7429 3881
4545 3286
5574 3172
3912 2793
7678 4702
4026 4900
3884 888
800 2401
8060 2831
749 4772
2124 2657
1471 1709
1132 2570
3747 918
1952 3525
3661 7506
3803 2187
4340 4849
6781 2660
3595 5305
822 5080
7196 3150
2804 3833
2731 3807
1116 5240
1927 4877
1838 5808
309 4936
2209 2379
1164 2450
4566 842
83 4006
3172 5168
254 2682
4618 2837
6870 5613
1899 2312
8290 2174
7084 6809
3522 4594
7187 5186
704 5223
2508 8
3534 505
3875 1513
2824 319
2599 641
5930 5525
3679 5108
7862 5601
2784 414
5401 789
4733 4436
6895 5483
6744 3733
4594 2753
2502 2925
6177 4655
890 6589
7631 514
2615 5619
742 2030
6621 2422
8338 2670
1628 4347
7726 2278
2566 2821
7696 446
1034 1912
6097 6052
5175 1482
7259 2781
8005 4690
2466 2140
3850 5669
3497 5531
6402 2115
7728 317
566 4548
4385 3394
1300 3599
5352 4490
7209 2007
2223 2844
4263 1970
2858 2119
4860 5795
4999 5511
1887 6378
2231 3524
4628 5810
294 205
5630 4366
5775 4543
8201 4856
2569 4791
5941 5539
859 5451
7177 49
4754 454
2506 5064
4314 4702
6150 2867
2966 6651
6286 4450
4000 1400
3785 1163
8357 2486
660 3973
3763 96
3954 966
641 1552
8099 5495
2844 4104
5629 3859
731 3064
7223 6246
2485 313
3841 4686
7817 1263
6858 6334
3724 382
5956 5347
4107 1731
2218 395
590 2484
2676 4404
4799 2467
6010 3538
1434 969
7479 904
1502 2336
1262 7744
2730 7613
3944 5656
6640 3689
5946 5118
1953 1105
4134 5471
3775 1001
1522 5350
6032 2105
4211 3253
1818 5219
5414 5058
4031 2063
2552 6661
5509 5593
2737 2872
6926 3576
5026 5376
6936 2906
2518 5738
1245 5926
6328 3451
7845 2680
7751 4985
5845 5056
7510 2264
7488 5496
7307 497
7694 2027
7736 5013
7047 195
352 1552
6020 3348
7991 901
5499 1440
1665 1841
2966 5450
7683 2957
1027 2889
53 5495
291 4674
2739 5603
3638 2629
2104 2568
5775 1867
5060 3353
213 5744
5465 2475
1960 2720
595 292
4221 4729
1931 5470
3765 96
2488 491
388 20
3963 5618
120 1904
7097 5291
5442 2038
1732 504
6082 1208
5416 1851
4683 830
4215 5063
2296 6334
5068 3288
288 4426
1090 2206
618 4307
3270 793
2001 2098
2484 1718
7749 4060
1823 1542
7073 3934
5615 1369
2966 525
5732 414
1260 2390
5333 776
7669 2467
300 6797
4279 638
2415 4536
7426 5263
8083 1724
6264 5438
6330 2658
5332 5363
4173 1806
3465 2614
6888 2866
4450 1337
1518 5154
7821 4821
1751 2840
1266 5747
815 2768
4708 5063
945 1593
2038 5285
4529 6082
5672 5186
2509 4997
521 3415
2781 4592
7932 582
3259 4354
6166 232
5057 4138
6391 3856
5946 2665
5411 579
1684 2028
1185 1403
7732 373
5447 6087
2963 6311
1852 5392
4149 2351
2172 2061
7580 5212
6520 4598
2021 891
4691 2665
3098 5417
6792 1195
7273 3892
4060 3771
1022 3858
2399 5314
4990 4361
4508 3569
2633 3221
7943 5092
7643 6759
991 1933
11 5801
2465 912
7613 3810
5083 2032
788 2856
7303 2848
6889 5551
6990 7906
6722 3154
652 5170
2982 1802
5043 1488
3267 1738
1048 5926
2692 2161
5224 3882
2166 2290
5822 2453
5767 5441
771 3612
6266 1672
1450 5712
6456 5531
1035 366
1974 687
1466 1024
7342 1036
2994 613
4110 2655
448 1243
1762 1437
1733 915
67 5650
2957 3205
1658 3341
429 5789
5644 4684
7962 5887
4511 2862
8050 5661
4539 850
776 439
4240 1443
8285 2169
3657 3688
5385 6343
7768 3021
5981 1475
8275 5434
8095 3902
6870 1862
3076 5984
6074 2718
6770 5929
4157 317
4175 5751
5460 4776
1845 2646
7218 6003
3102 569
7156 2253
136 5253
7678 1157
7035 5764
7304 2976
7942 2864
1705 443
1395 844
6225 3277
4879 3052
8184 5845
5779 5922
502 825
1156 2833
1159 2533
3950 5264
5088 3977
4540 853
4905 2639
6454 5909
8031 5167
873 341
3856 6582
5308 5994
2249 7224
6049 1792
5855 4869
810 3948
6244 1191
6581 1652
8303 5821
1467 2624
6502 4371
6994 6066
8377 4261
1443 725
4508 2581
7962 2206
1793 2105
5565 5872
7537 1761
5612 1854
3584 250
2683 4399
4530 2082
1284 1458
381 2724
2149 5595
7555 2066
4646 4772
3739 3637
6969 2845
4592 1127
6209 5560
4751 5490
838 2922
1960 1834
7471 5126
1938 2304
634 5609
2359 20
7045 596
7663 1288
5744 1701
7280 4962
8078 5355
3548 5453
4451 14
4580 2777
1485 4873
108 6123
2342 4602
1909 5016
946 3699
2580 2370
5653 1638
5226 3574
6520 4284
2280 946
4466 5176
4839 3611
5887 5162
3312 3003
7080 5989
442 6570
3549 2512
224 1159
4070 4555
8213 4213
4248 2026
892 5083
7040 4486
5162 5934
5429 2030
3417 2084
2564 3675
8286 1733
4021 4599
1600 5682
6209 1148
5679 5895
305 6974
4787 495
7681 4937
3065 6191
1264 1856
1148 2584
1246 548
7162 6152
4554 675
8029 1617
5919 1179
1852 7820
3746 2584
7712 2998
6055 591
999 2373
6064 3857
1818 2457
7547 5969
7415 5606
1832 5787
8157 5091
3814 1606
3641 5525
882 4883
7320 2474
2396 1670
6960 6123
5103 2699
3582 2166
8059 5570
6599 1703
6588 586
55 2400
2814 933
3503 5673
4645 1378
6793 1255
2429 104
437 1409
2209 604
5066 2402
247 2662
4085 615
6888 837
1450 4131
7570 612
814 6369
256 1292
1759 4609
80 1027
6940 5998
7677 4052
6134 4622
1157 4791
3933 5537
332 4009
3056 2852
3605 4610
7489 6261
5650 4419
109 2406
627 6182
6904 5863
4587 3499
5994 1219
2649 551
3960 6487
465 2035
2631 3427
1828 1755
4360 3492
6821 5729
2502 3884
7230 3054
942 6799
2073 5405
3730 5681
1448 3483
1813 6190
93 5370
986 3623
2788 2353
5446 869
1841 761
7273 93
7225 4351
7129 381
4476 5989
4670 62
3777 3162
6001 234
7808 4074
7758 5939
549 805
6357 1596
7220 6953
5813 6224
4013 4470
3100 6066
4603 3600
4065 5653
4438 5314
8145 5608
7301 4594
4323 929
7645 5304
6387 4559
1019 1140
5714 5091
6189 4398
8066 254
4486 4110
8101 7507
804 6013
6877 3211
4014 4944
5238 478
1244 572
6345 5938
3145 879
2390 5805
6864 6224
2237 1034
6206 2798
5413 4960
3918 2944
889 5483
5462 7151
7120 5877
2884 4345
7734 854
6071 3160
4854 5740
2367 5712
5263 3515
91 4688
4517 1973
4674 7117
7824 2244
5680 3939
3853 1338
4640 1114
1897 2583
2980 3264
5553 6226
7744 721
656 4783
1952 6428
6815 5108
5538 7966
3636 4385
496 4405
1404 1816
5114 3537
759 4755
7548 4486
302 6130
4623 367
4535 2183
4576 1114
7148 4740
2294 4271
6296 1897
7212 6159
6102 2301
3914 2721
5073 6246
5698 6940
3442 3460
1448 487
6291 1299
4114 7232
3805 725
2759 655
5194 3539
4282 5514
3649 6274
6360 1000
2933 6220
6506 6361
6801 599
4123 22
988 6474
48 6271
1540 5707
6038 4670
6172 6476
961 3088
2588 1898
3217 7101
6163 6004
1623 4939
7173 5381
69 6510
7586 1264
4161 5869
5056 6214
28 3889
2877 2811
2325 2988
3721 6912
7507 2173
1922 6350
624 621
8017 1550
4307 6235
4095 1641
3011 171
7763 6790
2349 6398
6153 2242
5337 6419
1258 6223
4355 6111
6944 103
2852 6033
6533 5720
6270 1201
816 201
3874 5971
1024 6408
6221 6273
96 1391
2470 3696
3427 4521
7316 6063
3563 6181
5348 5698
2411 1562
7688 6496
8137 1156
6065 4433
8263 5684
5315 1648
5348 2379
2064 3474
5810 5929
7545 5833
1647 5302
3033 5815
6976 6007
392 3480
258 6446
174 4278
3458 1510
5127 1575
5595 6375
2417 4529
1718 760
7715 6393
4097 5165
7683 1495
4712 5978
594 6125
7711 5821
696 5969
2588 4746
8313 6568
3768 5899
7830 1224
5979 6532
4576 2910
5888 716
4612 2198
1648 2752
7015 5879
7378 6138
4863 6534
2290 470
2517 6270
3350 2242
1865 1822
1145 6102
1789 3510
1736 3642
4224 56
2829 3013
5422 5993
5494 5464
4976 648
2910 4234
7957 5906
170 4955
8036 6331
7640 3823
2495 5254
2367 2044
2180 4632
6380 3417
2131 3086
197 5326
302 5850
2697 6100
8102 4736
2651 6379
1423 3000
8393 6492
1942 2636
4554 5368
7525 6502
2846 2934
8161 1752
7207 6053
2063 4496
6527 3586
4343 5732
6453 164
5066 793
5043 6473
7450 5233
4656 6624
5745 410
7902 2082
1051 6362
6622 44
5116 3025
1027 3121
7022 1585
534 189
3028 2907
6706 5045
826 3693
3604 6238
2737 4207
166 6432
2365 5272
8327 4276
5501 6328
1195 4783
7811 5765
3821 6573
6538 6018
2137 6573
4906 4954
3914 6668
4794 3589
1263 1765
271 4873
4103 2906
777 6710
1250 5146
5695 5698
6231 4722
2129 6709
2120 6147
1338 6601
2476 2740
2508 4942
2316 4924
2029 1102
5386 5740
4822 5313
8134 6336
6208 5647
2379 6434
4297 4099
6008 5926
6207 6019
4801 3437
8057 97
3095 6065
4217 5865
1229 3696
4860 6484
7015 872
4660 2155
2413 6287
2499 6084
3669 4177
2797 6103
4902 5025
6569 663
5161 1607
1776 6849
5045 6656
5061 5105
1926 2786
4219 4841
3506 4548
5910 6775
2852 3327
7805 6697
6047 2222
4657 198
2906 6217
1620 6129
6697 89
3258 6315
1833 564
7931 1688
7482 6057
2133 4061
1950 4040
3771 3539
6779 6462
58 6298
7442 6774
887 6746
2117 2253
3527 5712
2183 2551
1983 6722
4496 2285
1275 6926
5009 1111
7162 45
3685 4250
5637 5736
1842 1936
3299 986
3270 6751
2245 6727
7865 1981
6157 2033
4924 4493
3225 7594
3932 6434
5943 1155
1377 1309
2601 1670
1175 6526
3915 2538
1295 4595
1400 6342
2986 6686
5357 6533
7423 1542
8138 5568
7744 6054
1686 4912
2616 932
5482 5818
1707 2391
7877 6200
4111 3837
3469 5548
8034 1966
2595 6191
8137 355
7819 6647
2651 3713
8023 401
2294 5957
3847 4341
2239 1444
3182 2458
743 4217
7973 682
4646 62
6644 2318
5932 2290
7814 4923
2666 2571
3861 6738
6725 1880
4618 2215
5856 532
5855 1785
131 1752
6235 2349
7357 6825
5140 6639
5158 5693
6726 6421
7396 5430
6303 1037
2272 1017
2545 1105
7365 5697
3566 4915
3737 3646
3343 3337
3938 5985
1300 1082
936 2319
3483 6871
4737 5675
4769 6541
3158 5969
6586 4187
1563 3270
774 3313
2960 6926
3896 4746
7066 1274
8200 569
2556 1697
2129 6865
1240 1208
516 6916
3696 964
1292 5953
566 6621
3106 1484
3482 1079
7356 6410
1740 6917
1081 5974
7023 2194
4377 1570
5665 4218
5765 6114
3978 6558
5652 6854
4828 3825
6597 5508
3632 759
5792 6794
5045 2253
6918 6888
8234 2627
1791 5498
1728 4220
7429 4735
1862 6221
8286 589
157 6914
6405 2693
5303 6230
5439 6104
1721 6266
1709 7349
1427 4262
4816 6812
8132 6226
5570 935
2157 5762
842 5689
1471 6229
4035 1043
4335 1328
1395 1388
8131 6839
5602 5570
6798 6928
1705 863
3655 5376
3599 6030
7317 2300
148 1150
1962 2692
3231 6380
5379 7008
7690 6984
3381 4756
205 5021
7531 5406
7132 5799
6828 6050
4469 2307
5765 2165
2810 615
5152 3945
970 6814
421 6430
1930 1048
3296 2427
113 4067
3420 6115
5478 6873
5915 4182
1092 5464
2379 3634
705 6595
2879 589
8016 5811
5751 6570
3350 5848
7668 3059
6336 126
426 4086
3898 2684
5838 6395
3855 6054
3190 2993
6951 2591
1651 6902
7272 5661
5507 2649
1005 6514
2043 4442
3859 6936
4947 2750
6146 6183
591 1728
625 1539
4118 6373
5170 1826
7171 6262
277 5014
5485 6171
3537 1446
1754 7079
5443 2910
3887 6435
2972 1155
773 6202
3456 6019
7723 6247
671 6443
7732 6875
7114 4549
912 6837
3188 6153
6104 5312
5261 2914
1531 4254
2901 6778
227 4231
5443 3162
1837 6968
1755 7013
3113 5830
2321 2602
6786 6095
6486 6021
6817 545
2273 3730
362 543
3106 1246
2996 5354
5364 5823
2566 6954
6120 3703
6817 7074
1856 6531
2273 6992
3296 5815
1694 1608
689 3394
4814 1620
7291 2246
6893 1751
6210 6491
7991 2455
4275 6003
4734 5887
3535 6398
5764 6526
6345 3165
368 6279
6002 6334
7847 3682
2196 6723
1419 6939
7487 2134
1509 2410
5996 1961
6760 5143
2706 1541
2155 6569
5765 5257
1558 1035
7799 6707
7555 6569
2270 5964
2629 6680
7512 6461
7732 5324
1219 6535
4010 7015
298 5176
5151 3023
4509 4853
2819 5686
3384 1598
4099 610
4029 773
2013 661
6325 6098
4040 4655
7048 2894
3546 7152
4730 2920
2299 5232
6251 6361
2123 4955
6713 712
4521 627
3128 6840
2276 2095
4683 7026
6476 4847
3564 6540
3973 6585
7163 5276
1824 2447
3979 2449
1809 1228
2686 7115
7679 4969
6092 1705
2509 4213
1538 5802
1099 2869
5843 4017
2825 882
6071 1246
6280 6628
7957 6610
2453 5426
3903 5814
5968 6190
1802 4354
1566 6899
5174 1839
766 1397
3568 7029
3927 6355
761 5248
2903 6972
2862 6483
7873 1860
556 1347
6871 6996
2311 2768
7693 7043
5489 808
4642 5798
4317 4337
5713 6744
8145 6236
7141 6761
4592 3713
3865 6997
8255 3095
6599 891
4143 6876
1325 6670
6466 1750
2665 706
5004 7214
8041 3878
6533 951
848 4538
762 7136
7461 5214
1865 6546
6302 6680
1238 6838
1485 2678
4063 6631
4776 1363
2985 7130
2880 3469
1596 4900
3307 225
4731 7309
7826 6602
5492 7251
7297 5542
4122 7164
206 5907
4350 6317
4485 6014
225 3461
7270 3489
6275 2940
7506 2468
4175 233
6705 2988
6886 45
7232 2017
45 6520
3702 6805
2684 6662
5247 4964
3588 6568
6278 7071
5772 7162
7021 6799
5706 6180
1350 6909
3175 7308
410 7342
1707 81
3510 619
7562 7037
7234 4179
7410 7145
6566 658
2955 1923
4020 3866
6761 5301
4787 972
7041 7075
3990 6686
7582 1935
696 7205
8195 7076
8069 1171
708 245
4201 8116
4957 4882
7990 7271
5217 7430
4188 7207
752 7229
1572 7007
4578 6925
1339 5608
7266 7380
7101 2768
7796 7383
3306 5862
1418 4044
2690 1156
5449 8005
2470 3203
2603 5322
2780 6985
2916 7076
3524 7466
8300 1510
6453 5740
7949 7426
377 2091
5589 7213
2825 7394
3677 7162
2679 986
2245 7319
2975 5976
6062 6306
5426 366
4838 2659
2829 7417
5667 4343
1772 7259
7910 7625
2016 7268
168 5220
6653 6738
4896 6989
1601 534
1884 7039
3591 2202
7538 7065
5523 6845
7816 12
4760 6961
2995 4342
4285 7437
4933 1981
789 7211
1522 6390
3484 6083
4369 5725
4408 7085
491 452
3027 870
7084 365
364 71
1260 6855
5808 1256
6562 7114
4838 6272
3442 6791
3075 2564
4028 7373
4848 4381
5628 7226
1870 1272
7755 934
5136 6002
6369 7249
7976 1068
1491 7491
7471 7074
4954 2374
1312 7557
2409 7190
766 677
658 6880
5081 6852
6464 6910
4113 6924
2312 7304
1864 7065
1186 7157
371 4798
5040 386
3810 5495
7719 4397
3131 77
7292 5562
1741 7565
6284 1211
3466 7568
4359 7402
7418 7625
7995 5099
883 6248
3423 537
2426 6237
1717 7374
290 7049
3387 6282
6701 6166
4361 7603
1976 5729
6170 6742
708 3309
7284 7116
3022 7548
1045 435
7753 7201
71 6397
2362 5401
5609 8
4649 161
5027 6537
1417 604
3388 3907
7339 1060
4519 3598
7468 6775
7948 6811
5584 7302
1506 358
490 7562
4772 7535
8200 7075
2216 6901
5345 2613
8184 3443
126 1809
7328 282
4416 7283
7304 6666
801 7655
7584 6981
7175 6510
593 7653
564 2071
6119 6957
4229 32
5642 7363
2365 7577
2386 7480
501 7266
7271 5897
1941 5205
5229 2792
4123 3296
5696 4317
1265 7523
8270 6533
5592 7468
2641 7434
1411 7017
32 7576
4683 1180
6997 7306
3906 7376
1003 2263
2197 7564
707 7592
2901 7101
6047 7535
162 7551
3382 996
6923 2025
5104 1287
1992 7671
381 5958
2896 7640
5192 7416
6897 6587
5224 7701
893 6529
843 5356
721 2809
4849 7004
2330 925
5135 139
4719 5723
7571 419
6313 7235
7752 4838
8011 6208
4682 7002
2756 7034
4187 7683
5558 7734
3301 6354
1351 239
3752 7070
5690 1430
7062 7655
5828 6968
3321 7325
609 7646
5966 4067
5395 7038
6645 7497
2907 7758
6542 7596
6356 6621
7593 4154
6771 7561
7924 7448
1857 6797
8176 7673
525 6743
663 6891
5216 6750
5469 1711
6022 6739
796 3306
8007 574
6891 595
2321 455
2798 7680
1617 7648
3450 7802
3415 5466
7066 7664
5022 409
8007 2026
7288 7399
7828 6891
7180 6805
7711 7170
7954 6655
1142 154
6814 7150
7252 7746
1339 7811
2165 4059
1252 7392
5302 7766
3195 7193
7706 3581
2883 7555
1439 6073
8383 4752
8052 7730
3910 7392
5545 1400
7507 7247
6647 7791
2185 7003
2290 7571
4264 7776
6460 6114
341 7821
6184 2589
5276 6070
1773 7476
4371 7654
2520 6263
7999 6592
7418 7855
3988 7315
6291 7399
5552 7739
1486 985
6869 7791
4507 7816
4119 7385
5604 7694
5824 7275
1176 3402
7259 6502
7545 7832
2410 7662
5518 7849
396 7682
903 7628
3237 1312
6291 7607
7801 6913
663 153
4704 7649
4296 7846
824 1899
2027 7445
3823 5435
7006 6267
3543 7695
6392 7839
7108 7131
373 3156
3324 7673
5263 394
6495 6458
3160 7869
2877 7852
3822 4091
5519 577
6748 387
2305 163
8122 7900
1627 6566
5565 7668
4830 5548
277 6656
8318 7876
5798 7685
3559 7908
5556 4769
7636 7673
3586 7281
5263 4475
7174 6803
1509 9
6702 7947
7901 7600
1942 7824
5565 7536
5394 258
1942 6612
3656 7260
3247 7887
1166 7704
803 7509
6226 5923
4123 5707
3270 6115
6648 7149
7789 7333
7172 7345
5408 7990
5367 7349
6026 7570
6760 6635
5251 7097
3905 7189
8069 7753
2699 7565
3090 2106
3810 7846
4701 3596
3690 7929
4723 7350
5129 7873
3647 7907
5406 7489
5980 7890
2959 6693
1185 7539
8103 7990
6742 7992
4531 7909
3191 5797
5117 7982
3195 7766
5801 7871
8263 508
239 7674
3169 7081
1952 33
934 791
1035 3322
7741 2291
7 7720
6483 436
5012 7852
7929 8024
2682 7988
7427 7501
5429 7098
5239 7626
2492 7789
413 8025
2063 7699
8171 5326
7854 8013
832 3802
3270 7307
4370 7463
2778 6683
6793 8044
5194 7965
1031 8062
376 8054
7847 1529
2749 7426
3087 7985
5560 7882
2929 8060
4756 4264
966 7799
7579 7806
5526 7763
3630 4750
7053 7120
3250 8039
3043 7854
1773 8058
2932 299
6902 6341
7366 7399
3089 587
615 7172
1970 167
421 7961
2319 616
4201 7735
4734 7849
4239 8098
2900 8052
232 731
7255 7615
987 1303
6907 7414
284 8013
1651 642
2407 7758
1818 71
4833 8072
3540 6914
5551 5877
6904 7729
1230 8091
4402 7807
5804 8048
5785 7764
4393 7497
5097 7626
4179 8000
4086 7869
8081 7026
6769 6785
4503 8078
2151 8134
5380 7881
5226 1276
3508 7914
2450 6143
3803 7990
7954 8108
3029 7671
7110 8114
5316 7345
7902 7187
6153 8022
3893 8122
4338 7136
2478 8115
3014 514
2192 7877
1307 7897
7214 7507
1911 8079
2694 7980
343 7254
5403 7854
5433 7219
130 7189
6250 8085
7424 7954
2036 8125
5064 7110
2376 8168
3177 7791
8151 8132
8009 6499
1260 6943
1062 8099
6587 6831
1904 8120
2678 7579
1267 4235
6556 7685
7175 8295
6398 7990
3321 8128
6703 7360
1338 8180
2617 8004
3232 6543
3994 7672
691 8135
4677 6994
6224 4328
387 8173
5536 777
4161 8142
4107 8162
3658 4936
5575 1557
6296 8175
4076 8196
6179 7177
402 8169
4072 7894
162 8191
753 8183
1176 8058
8400 8211
2462 8208
8320 8194
8192 8171
7816 8218
7536 7770
919 8145
4336 8191
3490 8214
6756 7717
402 7854
1890 8079
7908 7925
1818 8224
1299 8120
5631 8130
1912 7260
833 5662
6439 8211
3780 1078
2758 7735
7435 8168
1696 8229
5385 8087
7862 7952
6233 1236
893 7830
6339 7125
5452 7707
1229 8094
240 7918
8180 8242
5021 8205
1752 8207
1871 8121
7964 7820
7949 7473
1260 57
3568 8237
1080 8202
4809 8208
7976 8258
4259 7984
3139 8249
956 7941
7664 8260
3164 8122
3745 8072
2735 8194
3646 8224
7488 8249
4959 1071
5723 8218
1342 8043
1983 2289
4903 8256
8048 8185
7392 7181
7514 8133
7666 8082
5531 7345
4366 7825
7853 7999
6826 8221
6328 8303
6705 8262
3561 8302
1808 1726
3830 8263
1378 7306
4187 8298
5544 8286
7910 8278
1632 8182
1914 8302
7710 8130
7868 8323
7185 6990
1379 8312
7965 438
4717 8226
5162 8315
4986 8261
6354 7926
7442 8272
1540 20
6324 88
5032 8325
1585 8288
2002 7479
1265 8063
4469 8309
4137 8284
1585 8308
8044 7928
7731 8298
319 8349
6379 8347
5665 8349
3887 8337
7778 8316
2465 8327
7684 8352
7687 8314
5188 8161
7591 8341
6383 8273
488 8242
7055 8229
1881 8289
3972 298
885 8356
1589 8186
7050 8340
7904 8347
1441 8360
1280 8353
7093 8378
3014 8213
7225 8294
7711 8346
6511 8029
1252 8382
486 8384
4729 8381
3188 8248
248 8180
4250 8389
44 8394
8327 8395
7648 8396
4763 8392
1259 8360
