800
900 1200
274 1198
512 1197
572 1178
663 1103
751 1117
139 1196
611 1191
768 1182
667 1105
373 1180
425 1132
899 1180
312 1082
233 1164
655 5
869 9
141 1173
325 1148
259 1163
515 1156
579 1130
638 1169
775 1162
239 123
243 1161
1101 1115
1076 1131
413 42
996 1146
253 1158
326 1071
569 706
345 1109
153 957
885 1059
701 1129
565 1086
1043 1094
701 949
1141 1093
463 1055
602 1124
1009 756
202 1104
831 282
141 1103
366 1003
748 340
968 217
1004 10
476 1111
244 6
22 943
1010 994
284 321
1161 66
154 1047
667 283
1143 614
959 393
1017 1068
1041 1068
67 780
342 1036
646 673
667 1044
362 1079
730 1016
725 876
14 951
318 35
249 1024
53 923
535 1015
526 1051
272 247
185 1032
148 1026
651 87
1182 1045
1097 1042
890 500
455 1006
1036 936
704 955
1055 86
62 341
64 1011
883 291
490 951
707 575
17 1015
117 810
560 738
607 1023
642 747
314 824
1027 1024
222 999
912 1014
538 170
170 233
459 423
568 846
804 70
693 964
762 964
848 210
1 279
1038 205
531 493
753 1018
962 1015
918 260
597 968
86 1007
44 999
797 1011
587 980
125 993
1052 974
639 488
648 513
887 182
1051 456
142 416
114 936
366 398
845 856
324 604
493 692
923 831
564 625
134 282
479 967
268 995
471 917
728 890
738 849
581 893
603 866
454 897
150 698
859 904
728 829
424 831
675 458
535 751
590 352
934 736
341 674
947 745
402 339
78 637
1086 966
952 582
168 502
810 179
689 689
840 855
577 466
607 816
363 378
1145 663
930 396
1035 141
951 492
253 930
1176 864
764 192
278 589
374 217
304 884
403 132
787 927
122 856
403 886
127 1039
997 595
78 936
1077 900
1053 29
603 402
1041 843
558 747
1050 362
282 754
727 70
406 403
31 169
764 922
707 528
1008 205
516 869
564 699
1017 599
1121 830
200 855
54 622
1122 427
126 481
1164 783
590 659
844 540
965 700
473 707
772 611
466 717
445 134
10 258
57 7
392 712
740 859
440 397
268 660
145 414
179 523
707 21
776 651
224 232
929 829
212 744
768 804
78 350
494 845
954 79
268 30
1164 434
575 462
1070 392
1155 592
142 481
1073 693
1156 607
926 789
35 488
763 246
763 540
332 502
1197 392
1135 288
624 785
552 613
12 818
605 579
548 179
766 135
649 604
1187 99
1023 182
164 97
930 358
1004 644
291 181
519 971
943 286
1151 425
366 211
687 525
1076 638
20 571
429 412
656 689
273 761
737 264
1082 754
469 561
702 667
172 422
532 636
798 453
132 341
762 704
1093 677
290 137
782 722
1104 832
851 795
937 600
155 539
1038 327
563 48
920 388
939 531
976 651
267 147
1015 469
912 622
773 384
996 361
758 161
852 724
287 583
768 556
306 838
1076 878
849 785
754 475
957 418
468 19
646 648
551 1189
1109 630
1093 17
48 726
47 916
528 483
366 260
1172 185
1167 725
642 383
827 298
343 202
575 501
87 405
780 270
978 592
1176 462
843 305
1174 480
156 646
692 351
46 49
193 429
262 166
212 251
997 477
739 516
87 213
1051 971
642 534
483 582
796 134
754 381
765 685
576 55
1186 580
545 586
69 521
464 98
1192 268
1147 800
514 198
770 6
1081 811
143 1050
93 114
528 288
654 95
1135 560
808 553
826 598
887 645
477 578
443 437
849 615
911 533
340 607
654 153
1062 542
182 931
184 191
320 802
852 513
403 677
372 443
586 547
828 337
171 401
1149 453
40 511
88 299
1178 568
864 438
476 649
312 250
281 488
825 402
335 370
675 542
528 321
1070 764
479 955
222 206
32 563
1173 443
728 596
248 213
446 1017
237 858
913 478
305 432
195 408
848 579
1111 620
496 330
1061 441
1033 91
1017 406
942 970
1083 17
190 305
293 708
506 294
899 672
542 215
516 278
627 91
599 65
903 353
675 50
838 346
460 475
222 259
549 617
661 258
310 892
52 356
774 94
670 73
791 260
702 177
239 155
885 640
521 794
349 424
585 1167
758 604
683 779
552 384
550 288
353 201
45 263
607 315
1095 567
332 845
1050 340
791 597
1138 535
884 128
1051 130
117 290
43 213
953 649
197 581
1034 680
26 1113
155 537
678 134
764 255
224 1111
1139 191
1043 620
963 590
670 549
85 163
1083 106
1128 159
780 35
457 624
14 590
784 248
1030 666
372 605
1178 2
1002 426
75 337
209 859
309 956
736 84
818 183
175 624
182 497
79 188
1080 378
827 480
836 602
308 448
733 234
436 390
705 477
790 557
457 688
99 688
320 303
737 336
1021 452
1176 227
552 47
481 1172
1017 557
403 944
655 587
329 481
1069 616
1132 1009
658 310
131 968
1010 204
620 34
277 737
808 725
1051 610
1021 71
1174 180
574 551
952 661
307 832
571 453
989 854
380 413
436 247
354 814
468 136
1131 464
429 760
1067 203
730 654
937 858
1015 483
1052 20
289 85
942 740
449 562
408 323
1078 735
68 738
1048 899
466 452
62 205
180 152
186 161
73 203
272 575
695 290
134 415
389 248
15 460
35 1103
166 537
597 127
604 149
107 432
774 736
232 712
646 311
598 645
1067 86
807 479
833 513
294 274
1096 958
58 620
157 130
249 326
171 210
708 763
431 94
30 804
741 1032
861 411
214 1080
684 805
257 283
556 288
319 347
475 813
397 413
192 314
969 202
236 181
459 836
185 839
1066 332
748 302
92 709
498 579
1164 413
676 824
222 826
551 424
76 38
328 336
653 341
561 559
733 3
334 881
558 330
646 403
248 1015
316 795
1075 745
318 491
252 358
559 465
1055 881
210 293
280 22
1088 203
1089 588
343 770
16 902
723 901
744 913
501 447
98 362
851 335
1164 755
715 387
201 774
612 191
219 35
970 480
903 656
504 347
531 834
737 11
384 936
723 839
452 635
224 918
185 807
389 535
227 1075
468 758
427 764
851 32
628 938
448 921
964 158
469 413
714 50
627 250
562 385
64 252
1134 642
1043 135
621 844
1022 308
1036 896
297 731
560 238
1181 137
927 513
565 170
1131 786
45 148
836 190
1028 37
644 214
632 230
587 748
185 467
899 947
1097 235
123 796
892 84
501 143
279 904
791 220
505 941
1079 155
282 953
355 944
978 834
640 962
8 433
428 941
563 88
1114 393
689 435
673 172
459 166
665 893
491 636
119 905
1085 222
1120 60
368 1008
490 992
683 970
132 241
183 296
940 477
782 141
660 321
97 848
513 993
821 261
857 737
1182 1026
623 990
870 17
191 10
438 583
291 891
648 1029
1133 342
242 1007
863 956
224 318
850 284
957 1019
604 1000
644 877
1149 988
524 1040
272 969
301 58
932 1024
522 836
498 913
1139 550
405 173
969 362
938 174
549 273
325 520
589 100
194 245
1051 470
1194 66
294 374
281 1072
22 1035
1169 182
433 1007
1186 1005
487 892
66 1072
636 1065
1058 1087
292 490
704 1011
972 230
236 1047
869 1038
99 1030
1032 1094
1132 172
131 481
337 967
1152 922
727 573
729 44
386 1081
805 1006
237 1106
418 45
794 1101
440 1117
854 1009
189 61
964 1108
698 1092
458 1042
651 105
460 1098
776 1012
345 480
613 1060
687 1035
530 866
904 1122
1182 720
342 1124
444 757
617 1117
789 1043
506 1059
926 1134
442 1062
474 1066
113 1028
35 1137
1014 1139
619 1163
899 928
1125 1132
749 1165
902 388
257 1040
569 1145
824 1082
233 1038
378 7
373 1173
571 769
461 1119
961 1177
138 1182
477 1170
507 1184
511 9
371 1197
1038 1175
133 1182
915 1197
618 1200
