2400
3403 3600
3273 3598
343 3592
3192 3595
831 3563
2545 3592
2681 3592
2463 3577
1252 3582
2480 3553
2989 3510
1258 3565
2913 3391
1979 3561
3416 3578
1435 3549
2892 3543
1247 3544
1210 3538
2327 3545
2784 3381
2714 3537
2727 3541
1927 3481
2356 3552
2841 3529
225 3461
1024 3529
2148 3525
3500 2710
328 3533
2178 3526
2829 3389
1568 3533
3309 3534
3215 2708
2109 3347
274 12
3559 3479
3368 3431
1302 3501
2319 3323
1914 3502
2577 3455
2503 3456
2029 3502
1624 3414
1421 597
1651 3497
557 2717
1911 3279
786 3291
678 3487
2579 3250
3145 3351
1548 3451
1040 3286
1782 3502
48 3458
2996 3422
362 3437
3303 3190
2629 3472
139 3208
2165 3365
3228 26
2184 3445
2431 3428
1488 3390
1320 3124
2876 70
566 3414
1403 3387
768 3406
3056 3059
2166 599
483 2900
2887 3153
818 3437
344 2795
2112 3269
70 3203
2430 3148
3538 3253
3321 3336
3407 97
3428 3404
3236 3379
1083 3271
95 3395
3401 1256
3488 2589
2157 3362
62 3408
3321 3010
1818 3424
5 3410
2234 3112
1556 2476
1906 2982
3110 2278
2242 3253
496 3169
1101 368
2464 3395
3170 3335
1048 1088
1637 209
2295 260
1346 3262
3025 3403
855 3397
2942 3317
1338 3380
1616 750
2672 181
281 3232
1380 3290
3585 3390
2999 2903
2360 3361
875 2618
3396 2904
2396 3177
20 3287
3544 2101
680 3352
1450 3312
284 823
3158 2788
1670 3355
1836 3375
2376 3243
1555 3055
656 2852
38 3238
3467 3359
2731 136
3131 145
3033 19
647 3287
1324 382
2256 173
1691 2910
1445 3334
750 317
3384 3159
431 3178
80 3342
1116 172
1743 3320
149 214
1336 419
2986 3340
1497 2500
687 3185
115 3283
2865 324
359 461
2231 590
158 2945
1130 2920
1839 3211
3166 3319
878 2955
3142 3309
3568 346
3416 2021
2204 3248
3355 2969
1962 817
1196 3161
3190 3277
3004 3202
2137 355
327 1892
3599 3121
3156 3157
2314 3000
2340 3290
1878 3273
697 2902
3074 3199
2823 3036
2948 3298
3392 3194
452 2748
1512 2861
3177 3110
1846 3269
3097 298
2117 418
1146 2718
2195 279
2973 3258
1519 3179
511 2935
649 3205
2568 3205
3316 2465
1766 3051
2117 3173
1442 3082
1711 3137
1524 3041
516 3271
3355 1397
1602 3054
2441 1033
2509 2532
3557 3192
102 3205
759 1109
1175 526
1174 3203
1459 936
1551 3023
2436 143
2782 3168
1629 2988
3590 3207
284 3213
1575 985
1551 2775
2138 3168
3596 2165
3422 1026
1392 2381
621 715
1464 3038
3384 2304
1727 365
325 2902
394 472
2976 1309
1026 3099
2190 3132
2080 339
1269 2977
3054 850
3401 3071
1878 3066
613 2657
2624 3128
887 288
28 2625
1840 2686
937 2356
773 959
723 929
1602 2115
2992 2384
211 390
2864 860
3071 2843
1234 2242
3124 499
3464 1163
2810 172
2373 1306
1658 919
1869 2024
2286 2933
1880 2977
3375 157
1222 2008
225 3076
1362 3081
1470 3166
3415 2951
3119 22
695 2684
3005 2857
2180 660
730 310
421 2036
3037 2967
422 2880
2590 56
1531 654
1560 2821
1498 1637
717 3137
1543 54
889 3104
2603 2922
187 2896
2073 2995
2387 483
40 1625
1014 2587
2938 1539
445 2904
1387 2859
2704 3015
1194 2389
178 1306
3360 615
1246 2948
143 3016
3427 3013
3422 2446
526 2599
404 233
758 1734
2228 2830
84 398
1761 458
708 2645
3218 2600
3220 3056
432 2561
869 253
3493 812
1849 3105
437 2817
3167 2776
3281 2845
698 112
1927 3000
834 944
1447 1462
2981 2801
1476 28
948 2907
1107 2880
3266 2859
2955 2134
2407 2729
33 120
2025 394
51 2591
3166 975
1191 2618
1356 410
1986 2495
1054 2998
1869 411
3079 3038
1284 2973
566 621
3176 1068
566 3050
145 151
1891 2885
2987 2883
3413 3028
2925 743
2839 2873
1014 2814
993 2761
1863 2182
1214 307
3101 3011
3273 3005
354 2960
150 2821
1319 2674
1478 379
3431 2221
3209 2921
1552 3006
1663 1865
812 2931
2902 566
1598 2880
1570 3026
940 2933
793 3017
1748 2873
1652 2642
1642 2970
3042 838
2245 1635
2538 627
1351 1439
1985 644
2014 1150
1593 212
2171 2926
2457 370
2661 2143
3523 1042
14 2359
2976 2049
1310 1055
520 1884
2636 1477
2666 2626
1931 2906
2817 2848
442 2870
422 2997
2386 1692
3133 553
2384 1509
84 2658
1617 3000
2630 2982
318 1029
1163 2876
1885 2533
1222 393
2434 2961
1258 2464
277 2953
3304 2929
321 1035
2814 1880
3092 2828
625 2437
1683 1309
2702 2250
1778 2818
2740 2780
13 2687
1086 589
286 1456
1407 769
2589 110
1395 2610
706 1346
440 223
3302 2724
1582 2669
2115 2557
2164 1304
40 2056
2901 66
2714 1117
1796 2618
210 2904
235 1508
2716 1825
3270 1831
1560 901
3217 2922
1749 805
1821 2558
2432 376
2230 2059
679 1496
933 2845
799 2776
1077 1035
2547 2750
1510 2273
955 660
821 1732
811 2608
2765 2768
2651 361
1086 2734
2862 2869
3213 2526
1241 129
400 2600
2211 2549
1258 1336
673 660
3509 888
3231 796
546 2711
761 131
106 2667
950 2051
124 1022
3593 1980
2542 2640
1981 978
3319 2374
193 2811
1066 2864
3304 1063
104 2127
1502 2307
3431 2331
2994 2804
85 1850
2497 2016
988 9
1985 216
1973 156
2043 2199
2754 2166
1638 478
942 799
1851 242
763 807
2923 2422
70 2496
1039 2644
957 2691
1028 361
392 1479
1450 2833
2920 2804
1166 775
1491 2327
2121 2525
1042 2665
2146 1840
2842 2731
3447 1546
254 2682
645 297
2455 1722
705 2628
945 236
1266 2773
227 1245
1126 2732
2934 1389
2460 484
609 2050
1027 1921
3476 895
3092 2686
369 2222
2824 2411
3251 14
1362 1551
870 2470
1065 2778
2599 2289
2631 978
3332 1614
2049 2675
274 2327
3405 2293
2178 897
1749 1943
1517 2642
2627 1323
1523 992
3319 2145
2999 2645
595 2771
1202 2734
720 912
315 3429
1566 2090
3141 2741
2187 2758
817 1101
2739 1540
480 2269
2933 1420
3110 1825
1824 2447
1682 2665
3256 1167
2385 203
3110 1625
1796 2583
2609 2766
1843 2507
2 2641
2315 142
3044 1727
429 2122
1087 2499
3429 1347
2745 765
3288 884
303 2237
1270 2226
610 39
358 535
890 1725
2089 171
2766 1918
1280 2638
3042 253
1350 1920
949 956
1273 2493
3234 2248
1421 2673
2862 2323
1082 2628
2463 565
580 1881
1796 746
943 2137
1839 1764
1525 98
555 2213
2560 307
1415 819
3442 712
991 384
1902 2662
106 2664
318 2633
1660 2514
1654 2170
1714 1492
2391 1002
1560 1687
1210 71
322 2500
2554 1392
3285 482
3395 1033
1386 1604
1375 2201
3109 793
2096 2285
397 103
1504 162
3191 2324
1127 1983
1466 1672
2966 2428
2223 2194
3420 2515
3091 2112
2650 885
2443 2368
2625 2659
2847 1702
979 1522
49 1004
1396 1952
3016 1018
1736 130
447 815
2863 2315
1409 1724
177 2066
511 1146
1596 2500
3029 471
1489 1902
1047 2595
144 2059
192 1965
1198 2207
78 1523
308 1415
2378 967
3377 2466
3569 2200
3491 450
1948 3211
3307 214
3047 2318
1648 2684
1048 2326
1826 602
1708 2359
1372 1284
615 2116
2831 66
2447 1907
3562 45
979 2261
409 2261
570 2133
2639 513
2728 752
3278 1385
221 1005
702 2059
449 2573
503 1430
2983 2099
1700 2229
2761 407
1984 102
1450 2872
1852 620
1860 1473
2595 2044
3203 387
2093 1076
3557 2391
1500 797
3353 2180
2035 2007
1439 834
2365 1672
1758 1176
3499 627
297 2526
1502 2149
301 1476
1091 1328
3034 692
2635 221
46 750
2680 2136
2296 334
574 2348
642 3136
1196 1950
2600 1034
2107 2311
1627 200
1570 2291
991 1933
93 2318
1801 1735
1538 2195
1390 761
692 2132
1172 843
3189 2411
380 2217
2657 1542
3070 2472
1339 2260
1998 1278
1236 1077
2869 1168
2454 2363
2848 2443
2981 452
459 2261
3410 542
1545 2169
1478 744
2739 2325
1471 2372
3216 1116
169 1254
2935 2596
1468 771
1117 1417
1746 2350
1553 1003
3332 1426
789 1213
1470 2370
494 1156
2468 1607
3420 2528
2579 2377
2307 757
1802 1048
1620 266
1992 2370
361 1554
2186 927
1544 856
2121 1430
2180 2777
912 603
373 1956
707 495
3269 2052
495 1725
3416 167
1718 2351
2990 1667
1307 985
2866 882
6 2420
1535 1709
2542 1036
1426 463
1494 780
222 637
2456 579
385 3277
2689 261
2337 480
2317 2226
3153 2305
3418 2132
1040 566
3128 708
316 1980
956 1941
852 854
2674 286
1671 1853
1732 1724
1129 1581
1744 721
843 1870
1535 2068
1990 1929
965 1314
639 111
3204 2397
1596 1682
38 1459
2080 1489
1432 498
2900 2052
287 1517
585 24
2686 229
2677 1414
1119 2379
3332 931
2876 1027
1718 1200
1206 555
1388 1987
741 405
3195 1499
2144 1322
1590 686
2670 1
3081 2218
616 2288
1763 538
933 1082
2972 1160
2490 1929
201 2015
2006 949
1887 378
1364 2049
235 1836
1384 572
2091 705
1755 2286
3512 1304
1949 1426
494 2027
817 611
3319 1111
1168 190
1774 223
1471 2536
329 673
2630 1159
1615 1755
3017 1065
611 1212
81 1178
273 991
987 1303
141 2091
956 814
1055 585
1777 1971
2742 762
1474 1177
2531 655
2092 1803
363 1984
773 1366
2367 844
1449 551
3082 497
3431 2062
731 1776
3226 1293
2882 1598
555 2086
2872 1648
3107 1592
2773 1509
3132 1071
126 436
57 2111
1666 2371
1902 882
736 1977
2287 383
2619 939
1678 1947
1666 2070
2417 573
3291 595
3596 470
1522 1910
2529 1484
2567 389
3190 593
2139 850
436 1280
74 2718
2784 1075
3169 1598
2865 2053
809 8
3580 2005
3224 2280
1964 779
1483 1950
2824 865
979 847
3193 2097
2737 561
1884 804
1454 1067
791 2197
3260 1686
3387 1099
365 274
1355 1827
2127 2117
1572 1081
1140 2114
2609 1575
821 2203
2377 1207
2957 52
2514 247
622 1193
3014 258
1780 2064
1741 1898
331 606
199 641
3435 2164
388 1315
3256 882
2244 1075
845 1963
1885 1437
2108 1169
1338 1855
410 1015
1414 406
3142 1824
1396 3030
2472 2061
2970 446
1755 1923
1477 1212
493 1443
1665 2035
3292 1483
436 1620
3044 2065
2069 1791
1636 908
78 863
3021 21
2688 1049
279 904
2026 2286
3091 1533
2833 1641
235 2189
1819 41
339 803
481 2542
244 637
1334 2222
637 1694
3152 1739
1726 1681
1693 1043
668 1123
1942 2857
2301 1683
976 2018
890 2630
2634 1653
340 2107
2756 1821
3210 1166
1239 1211
3313 1944
1405 1478
2001 898
2896 440
1191 2137
1322 807
987 1670
1256 1260
984 278
2493 3074
1926 1584
2941 1091
1588 2161
2104 1183
3106 284
2456 1617
2013 1365
2595 338
2037 2430
1618 80
3221 1539
187 2140
999 44
3470 1733
949 1555
490 1562
1703 506
60 1364
1627 662
2339 1259
692 1654
34 580
1823 1495
607 939
757 121
2713 2273
3473 1554
3097 89
1706 1181
1517 1552
870 942
3434 227
379 1283
2782 504
307 47
2113 1576
361 2471
2691 1145
2868 3059
207 2999
3171 1283
1253 1826
517 1374
3044 901
3528 1193
1189 3
2365 1473
1922 2598
3248 5
998 1619
3460 296
1402 204
464 1106
972 1162
1263 1839
1794 1813
967 1841
752 1572
1170 1562
774 1850
2555 1394
2673 935
1492 553
836 1236
2124 1199
2089 2046
2530 2081
2594 500
3527 1195
478 1102
1307 739
2815 1967
707 235
1422 409
1099 432
1317 2778
2874 1489
1652 2968
1541 621
379 269
1317 2300
428 1373
779 462
1860 2156
2285 1652
1487 1975
3231 1580
3041 178
3305 1833
260 80
3029 1232
775 2054
3004 1692
3135 1794
428 3327
1484 662
1107 160
3543 1155
2794 1965
2262 1500
612 1604
1281 421
2910 1807
621 45
83 1309
1161 1102
2922 1598
1353 822
1533 1469
3306 1190
3160 1092
3048 1149
2024 794
2562 3362
1568 720
808 240
3541 1961
3243 556
551 1072
3421 799
2654 1978
1249 592
1842 1740
1532 1946
1068 1157
2000 940
2699 1481
1130 1925
61 2055
431 531
2645 656
3296 1227
1909 1676
2415 2136
417 451
2812 1621
1752 1913
1494 1173
2652 2079
3318 888
33 2738
3388 1997
1656 1931
1889 2767
3405 514
2482 2143
1780 1570
411 2370
3168 1622
355 1769
2629 1544
440 1055
1792 1335
790 1721
379 1752
3514 949
1268 1275
263 1723
2584 189
2911 2029
1461 305
984 1000
2674 1574
925 1159
1106 800
1670 2832
1199 738
3147 14
1067 157
1852 507
1061 558
2482 9
3463 410
1477 1856
1943 2692
2653 1338
614 123
2846 1571
100 271
213 2285
3260 2278
2112 45
150 731
1734 671
3326 2730
1018 1637
2883 557
947 1616
505 891
2846 2359
552 1780
2642 1289
3359 1630
177 1719
1467 1060
200 1250
324 2711
1441 434
2235 1263
974 1804
3125 1880
3545 1302
2126 495
1004 1362
1127 676
3295 1883
1022 258
2357 907
2479 652
2821 1802
2594 1959
252 734
1857 1809
2454 1792
1952 3305
2499 1170
954 568
26 1570
87 1910
1610 993
885 2356
647 632
452 927
1585 1782
2524 2154
3236 331
2111 1325
1158 92
590 2484
2891 1069
1275 926
1748 2205
2818 1303
3203 1766
2315 754
3446 62
281 1485
1106 2772
924 1457
1318 619
1857 1900
308 1456
1927 1679
3002 1239
2289 1522
2121 924
2570 3142
2922 149
1460 1506
82 1208
1453 1014
960 123
1787 1098
2905 1643
1879 1967
3380 2232
2130 882
3142 1992
41 1558
3208 2285
2743 1776
3045 2465
1048 111
1681 1692
379 1773
3331 686
3027 1382
582 1802
2722 2582
487 2469
1969 2125
2843 759
1083 1499
278 1436
2921 1015
1223 1446
1203 1470
931 912
1065 1825
1108 714
287 1003
1872 1802
1639 1137
1126 2704
1494 484
3432 2860
3423 367
463 2407
2772 2698
411 820
2218 395
207 620
934 928
1664 94
2931 1098
2004 1618
1963 1080
1146 2665
3597 1166
1961 461
411 13
2925 153
2175 943
299 1457
1547 2294
1953 1216
2784 414
3442 1168
2309 1704
1692 1928
1847 1791
2305 1425
2069 1744
3022 1548
1106 1483
2933 915
3318 1033
3082 3418
2254 1318
1126 1873
1283 975
2785 1535
1166 719
3182 1752
2756 1034
3043 957
306 1268
354 1785
2409 807
881 723
921 1827
322 2790
1886 1687
1961 403
52 1746
193 2455
2266 1676
3253 221
437 734
3551 1489
2376 858
2521 1035
1062 1655
385 1108
3003 654
3308 1493
1163 1192
796 2106
2464 2959
3248 1793
1102 1131
371 3031
741 1739
2250 1287
268 1935
2559 306
2926 1258
518 1089
570 1291
1374 678
3599 1156
2238 146
1745 887
1732 2017
1828 1707
2458 2871
2114 291
1648 1196
2794 1222
2278 2089
2058 1534
1499 1933
1258 223
150 866
3206 376
950 1042
476 1838
3142 830
647 1529
3426 1332
1112 172
883 2648
466 1750
2657 1489
226 2323
2362 1628
229 680
873 1249
2092 1792
2321 14
1289 2954
864 2274
3192 471
1672 1477
131 753
3553 3294
2508 8
2540 1073
1839 1453
1497 1524
393 1754
2406 645
1249 729
910 143
2709 1209
3148 1798
248 1729
3136 206
1904 423
3592 890
3410 1129
2666 2224
643 510
674 1494
2550 1980
3160 1464
2789 2186
1376 1848
3374 508
2206 460
1286 268
993 1825
1359 1916
2994 1717
2653 2141
2684 1505
1039 617
3122 830
848 554
264 1980
1889 1950
583 2116
3181 3016
2292 1348
1305 1439
10 462
1506 2087
2793 172
2623 951
345 1046
483 1555
1448 2887
3329 2065
657 975
697 183
2344 1594
1585 811
336 1854
272 1914
543 2076
2119 1198
1754 1376
1831 367
1391 993
626 159
1790 1019
984 2127
1923 845
3279 2293
1813 1390
53 2693
2284 2009
1640 1528
1682 552
3599 1907
188 698
520 853
3309 1253
3542 45
1169 541
1942 719
794 2394
2050 839
771 454
1653 164
1253 1503
3059 1984
2506 154
702 569
277 159
2863 88
1766 1858
2627 1831
1406 1785
2613 163
1309 2161
1347 2072
537 2819
2288 1916
3556 1084
2547 1453
2758 893
895 1379
3315 780
1395 1388
1904 1147
691 3024
2349 112
210 2345
1450 531
1316 63
833 1950
551 1672
3145 1130
1077 3394
905 1986
1379 2308
1123 1692
106 491
3224 729
478 67
1268 1790
1908 2193
907 1816
590 2603
436 1841
2963 3034
722 754
3003 2751
135 81
2412 1267
2034 2715
124 372
500 857
419 886
1000 1075
978 925
1034 1096
541 976
1773 904
3433 1523
3129 2186
1730 2411
1023 1362
2062 1988
2922 1275
1408 3
1383 1610
2684 1774
2883 1941
960 2343
387 2179
2937 1084
2059 3051
786 2249
2015 1369
2844 2904
1490 2249
2569 1011
2832 982
2246 1300
510 3026
1510 1252
1541 1141
881 1599
2624 1705
1540 2230
3314 1238
2633 2021
1899 2184
2952 3407
2102 1541
2597 2265
2621 1890
561 2142
3086 73
2554 1381
2698 919
1175 12
2554 1174
676 1184
2096 1015
1648 928
402 1490
1062 1827
2167 2408
2707 2173
2968 621
2590 817
3240 986
2368 1037
1974 1271
2661 1938
294 258
3466 2030
2896 2229
2912 598
1322 2956
3236 2156
936 2319
1712 2218
2265 984
502 1858
324 1288
2832 677
2064 224
1960 343
2061 596
2335 927
2496 191
638 393
714 1419
1932 1958
690 2106
2849 2543
3183 440
435 1043
1684 828
3567 2112
1118 676
770 263
362 543
3077 1400
890 589
3475 121
3259 770
3504 1375
3321 2337
952 2677
2703 1499
377 891
613 2239
415 1354
3089 1243
275 313
2969 685
1950 1737
3129 824
3257 1928
1496 626
2929 833
2787 973
3098 617
2331 2280
785 1653
2464 1856
2425 2294
161 2228
7 2851
2651 2245
2883 1636
2710 1059
2121 923
913 263
1021 2295
2841 2359
2538 3160
332 1609
1407 1710
1329 2321
2916 1242
1719 1385
2999 707
2903 972
286 933
2994 125
3060 1541
1786 457
1966 1959
2825 928
205 1925
3281 2226
1357 2184
451 2285
21 1268
1998 928
2822 274
1279 308
1601 2849
2853 2167
1172 2242
2574 1147
1160 1868
1317 270
1963 265
146 1363
148 1004
893 1854
2771 937
2673 811
1282 2174
2256 2419
2009 1211
2679 986
3088 2389
1530 980
2694 205
690 2012
1943 2282
2815 948
198 772
573 2468
3197 1174
516 916
614 2213
479 1789
745 2079
3387 1397
40 869
2687 932
1849 986
2053 2129
2215 666
2542 2887
1024 2005
2175 1189
912 837
1170 1544
776 439
701 1600
3542 154
1558 2405
1535 1339
1706 2617
1310 2201
2752 345
203 161
1761 1058
1779 3212
3181 383
2305 2223
858 1515
2366 1800
2272 2217
816 1268
3220 959
246 1575
3374 1849
1066 2474
895 1502
2071 322
2252 2528
2500 2282
1008 2456
1063 401
738 745
2612 652
2364 2450
1182 1135
3597 2354
2668 1435
2279 1366
755 1311
115 262
385 1088
654 953
1837 968
1825 2469
1517 1882
684 1039
3595 2383
2979 2406
11 362
3475 2130
3399 1173
3379 255
2144 770
2250 2126
300 716
2610 3095
2468 959
783 2289
2574 548
1 1712
2223 164
705 377
929 709
2814 933
2867 512
871 1953
3350 2248
494 2274
201 1520
1507 2500
3288 2037
694 664
1839 2504
1596 834
3385 215
425 194
1030 234
3248 3338
440 154
60 57
2429 104
508 1309
2821 311
2445 440
1811 171
1033 1995
2241 1075
145 2305
3550 1720
731 3070
3395 2276
585 2619
1745 2603
2542 3261
1707 2481
1810 651
708 1838
1356 412
1856 1234
1658 964
1568 1479
3599 2467
828 1250
808 2349
2867 2672
2476 1318
1524 548
2135 1110
1365 96
3030 1224
1574 1839
2200 2366
1681 2537
87 2143
1031 1124
2039 1858
1021 2542
2180 1656
2499 1284
163 96
2180 2242
2530 98
2383 2352
3482 1047
2865 742
3264 2661
2514 2574
3509 2473
852 1263
1569 49
3040 2489
2106 2262
2330 2234
1240 2055
997 861
1091 801
3124 2454
542 1376
2455 1615
868 1502
1265 2112
496 2005
1384 634
3332 192
1505 2389
1066 2558
3166 2597
610 1772
3599 1338
3232 929
549 151
3010 460
1715 393
1286 2339
2029 1055
1285 1463
1772 13
2447 2735
2684 2088
3521 750
3368 2345
2308 2613
1894 1539
241 2634
755 1067
647 87
1210 2692
817 2750
2829 1269
557 533
2765 1920
1102 903
1678 1157
1857 1612
3027 2451
455 979
3173 1882
1756 2547
1677 1852
429 3173
655 1275
3592 1149
3244 204
681 2606
725 490
698 2630
2070 1828
3398 2501
2145 1593
3305 535
257 396
3040 1107
294 2910
2936 2613
3378 3142
2704 1818
2847 2638
1714 32
1447 577
1989 902
2100 2408
3362 2758
1162 601
2942 2743
3429 186
2361 2497
2721 632
2897 1047
2593 385
49 1474
2365 2686
3560 2608
1918 3190
133 1332
1857 167
3169 1450
3445 2578
63 534
2473 719
487 1246
2985 2743
1481 2401
3374 470
134 462
2615 275
535 414
1983 722
3079 2347
2178 750
2573 1669
3557 2696
2099 1260
1541 793
2047 1485
1786 736
2521 2778
2176 1673
487 2314
3039 898
99 2465
2630 879
1872 2506
580 2125
3272 356
1281 2816
1910 2709
2479 1989
1504 2062
2968 712
2258 1282
871 479
1612 2645
937 1248
3575 1095
3021 2629
2934 1060
3139 2464
1229 96
991 2796
3241 1478
2932 299
3409 2862
296 2616
2504 2772
690 710
91 2715
1334 2773
182 2430
2724 101
3088 509
3294 2716
2349 1337
2017 2465
300 2620
1927 77
3368 1078
962 598
366 587
2969 663
2365 649
1714 1163
792 2668
1995 2775
2987 920
860 2298
1292 1789
2480 152
3365 459
3349 174
2222 2785
70 1063
486 2421
1676 448
2194 2357
324 13
3337 1982
998 1297
752 74
1131 1309
2879 405
3040 2643
1566 899
1405 2621
697 171
1970 1367
3511 2959
561 576
3008 2874
337 472
2308 556
2670 1137
2498 1044
1423 2482
1698 2681
426 2500
2670 2954
1285 1513
3575 407
2192 2327
608 526
551 559
1339 543
95 454
3281 2502
988 1378
2765 2412
1336 2853
1225 2071
2695 2722
1535 1979
62 306
2428 2317
2851 95
1931 2926
1232 1959
2366 504
1864 2265
1331 2936
1646 2633
1184 2406
302 1880
1504 2340
241 355
1309 613
1237 2560
472 2958
2854 702
3367 1246
1171 2974
3175 2508
1245 1145
1098 2295
2549 2244
1269 2910
632 1812
120 1274
1788 1873
187 2988
1631 863
3147 3022
1625 2717
1165 1803
3416 2601
358 2868
2583 2654
2480 162
3513 304
1596 162
1872 303
262 874
1365 897
1525 2938
2010 2748
59 2781
781 1460
1587 959
1579 3006
1028 1010
1788 2986
1350 1587
2613 685
2354 263
3445 2338
848 2185
2849 3017
1054 221
2908 471
946 3013
2365 3068
1351 3028
938 891
3471 365
922 2898
2211 1936
2999 559
1337 3037
2561 2925
854 3068
2862 475
94 3021
1428 335
761 2848
3580 3090
1798 2247
3590 2205
2748 1647
1332 2568
1342 939
644 689
84 2583
3481 2392
3167 286
3551 2290
1318 445
2517 2738
3400 3022
2616 3031
1683 3073
1960 320
945 410
3572 2154
2688 2092
3177 3097
2573 1684
2618 787
1912 1260
2699 147
2886 3069
104 131
396 1604
801 2890
3392 2560
2377 3061
1491 1491
1181 2933
2938 3004
916 3118
893 1435
3229 3092
148 2350
1350 3309
1481 2708
2527 2905
1485 3129
2294 3071
2596 590
2072 1297
1787 3108
2540 3001
843 2016
3321 294
1816 3051
3150 2740
1111 2353
1669 3137
2169 2924
969 445
1274 498
2476 1976
134 2670
3160 3035
2746 3103
1012 998
759 202
2459 448
1334 3158
1989 2391
3507 2900
1485 2678
608 3191
558 2706
3189 241
1825 881
315 2775
1601 2934
1607 3085
84 2918
665 1746
1661 2789
1451 2513
382 3135
654 3213
2997 3108
695 3189
2481 3398
2816 2484
3053 1810
2727 2417
3296 3117
313 2770
3183 2669
2031 1567
2688 3226
2592 2376
1611 2487
2938 2858
579 3200
2607 3094
291 2274
1365 2733
3268 3214
721 3098
3321 1093
2258 2644
2443 365
2078 2820
1045 119
1930 3082
2185 2964
1518 3241
1768 444
469 3063
3184 3262
1299 412
1728 3241
371 1892
1423 3035
1506 358
1942 2636
1304 2912
714 3198
2709 136
2782 2812
1699 2593
281 3252
1249 3218
1333 3181
48 3181
2606 2923
888 2664
1232 755
680 2819
847 3087
3570 104
1781 3143
3113 3278
1498 2633
3013 160
1712 3245
1424 1848
2407 3354
3344 103
3006 3108
695 657
2999 3291
889 3278
163 906
2931 2464
1907 249
922 3100
1747 3286
834 3166
728 3101
1160 3005
1903 3301
567 2549
3473 130
722 3289
1402 3314
1429 281
3184 3279
2718 354
1706 2584
32 3305
1814 3324
1161 3329
1416 3332
3101 1528
1212 3316
250 2675
2970 3177
2136 506
2070 3062
2329 3324
2643 3125
479 2432
1771 3221
1393 940
2533 399
1278 3315
3112 715
2510 3041
460 1371
3248 2295
3592 111
727 793
1536 3161
2512 3285
81 2463
3376 3044
1007 3218
2465 3233
1538 651
1658 3341
2672 2169
1248 3265
2370 3376
2558 3372
436 3381
753 3383
2714 3068
1902 3344
2508 123
2209 3106
62 80
3397 1852
3229 3344
1033 2239
2186 2870
2499 3320
821 2091
2612 2979
2879 2569
3221 3329
2036 3402
1202 3402
1127 3312
3537 3275
943 154
826 3224
43 3027
570 2994
907 695
1698 3421
722 2750
756 34
1237 2797
2933 3176
3484 2765
100 3308
556 3090
673 802
1280 3427
536 2987
3245 3331
3113 3430
2306 3348
72 3433
3041 3408
886 3318
2572 712
157 3233
182 3427
239 3362
1166 115
253 3194
1172 1201
2821 3399
3519 405
2752 2752
2037 3336
3249 3449
3159 3367
472 3191
231 3427
3475 634
1039 3452
2888 3442
1910 2892
40 459
1849 3437
903 3278
567 3376
3250 3449
3317 3453
1385 3467
1809 2428
3209 3036
3577 109
2390 3464
2409 3422
102 2684
1805 3142
355 3137
2993 3376
1510 3464
2440 3455
206 3507
1380 1078
578 3516
286 3385
2690 3509
2274 3517
2420 3348
609 3522
3600 3264
516 3476
3033 3415
1053 3520
1562 3515
3093 3349
1992 3522
83 3382
2645 3453
2728 3503
663 3524
3386 3367
624 3444
3361 3492
3164 380
2686 3515
3544 3543
464 3460
1970 3529
1617 3340
385 3424
1858 3550
2044 3484
921 3554
1821 3529
2913 3324
167 3220
600 3556
1465 3397
1731 3586
911 3587
2444 3537
2491 3488
739 3586
2975 3576
3590 3579
610 3593
1002 3597
130 3589
3262 3598
