8400
6701 12600
1462 12598
11113 12398
5162 12515
3034 12579
1438 12590
4250 12589
3740 12584
7954 12583
4044 12583
6820 12474
10544 12572
1715 12582
5665 12499
1818 12424
9970 12487
2927 12521
4734 12511
3669 12557
6328 12503
4371 7654
4437 12484
10979 12561
9039 12564
2300 12550
12388 12519
3693 12104
10031 12550
9680 12553
6173 12469
10433 12284
11990 12467
1220 12547
6749 12542
9315 12429
7305 12464
2344 12394
6936 12502
8194 12404
5838 12508
7572 12519
5148 12451
5551 12519
8559 12485
9588 12472
10704 12175
8869 12137
6846 12450
5353 12267
5745 12357
10422 12505
12111 12405
12313 12508
11348 11998
10883 12382
7823 12477
7664 12460
7260 12273
12131 12419
181 12280
9056 12460
12230 12463
3473 12354
10586 12367
9699 12320
5494 12452
1225 12477
2183 12473
9263 12402
8934 12049
7976 12458
1409 12337
320 12429
5847 12294
2044 1142
703 12456
11079 12420
1625 12263
1463 12384
1911 12279
7022 12451
2969 11460
609 12408
8891 11985
12278 12250
3490 12414
12241 12278
9923 12370
10902 12344
7312 12388
2375 12167
1587 573
12145 12272
1780 12090
6164 12320
1172 12001
1019 12386
10152 12407
9158 12052
4784 5
6236 12325
10738 12253
11309 12292
7942 12194
1325 10870
10862 12408
9060 12373
8515 11884
9649 12205
10076 11014
8673 11450
4503 12278
5051 12065
9970 12367
819 12383
3774 12071
12595 12107
9437 12393
1626 11982
3915 10938
9797 12097
11408 8591
5377 11943
1338 12380
8267 11312
11507 12385
758 12119
5889 12322
4839 12011
12303 12190
11264 11956
1824 12171
240 12118
109 11468
11629 12344
2556 12353
4216 12162
5031 12093
7856 12288
1991 12217
7418 12055
3506 11981
11627 12123
8095 12302
8387 11883
4969 12257
5988 12167
6431 11924
1347 11417
12561 12355
7588 12307
300 9820
10201 8634
697 12263
2582 11757
9374 2686
284 12213
2538 12160
6678 12315
11781 8956
6252 12086
1106 12283
6425 11929
11647 12087
10760 11604
7102 12009
9536 11894
10495 12266
8003 12190
2354 12215
2140 12271
10365 11733
5804 12248
8324 12155
4871 11063
10892 11842
1049 12034
11418 12274
10870 7896
10121 2846
5442 11274
4060 12171
4179 12200
1473 11626
2027 11645
179 12180
12302 12194
8773 11985
9886 11135
7361 12234
9702 12043
4721 11815
10299 10712
6527 11986
11577 11991
4700 11473
11843 12180
11329 12260
3704 11127
4121 12098
11411 12012
10392 7671
5252 11846
7854 12176
4604 12115
2403 11967
4333 11922
3739 12037
9121 10343
7776 12243
8723 12125
4030 559
12053 12199
10427 10937
1881 11892
2926 12058
6333 11845
2790 11888
145 12213
9885 6670
5132 12111
7854 12213
9729 10669
8322 11364
3621 12068
4886 12199
5534 10094
8009 11797
12275 12159
8585 11794
11487 12185
2849 11543
7356 11939
12552 12092
11185 7281
201 11994
300 12113
1546 12066
5203 10663
1301 10528
7211 171
3037 11689
1349 1603
1000 11956
946 12099
3113 12057
3379 12006
7845 10921
4132 12120
3340 11465
12007 11559
8856 2866
6081 12158
3145 11930
8880 11874
11582 10858
2829 11041
8337 8284
8228 10765
9585 3339
4365 10384
2379 12034
1721 11825
1177 1546
12112 11515
4529 11878
10554 11785
229 12071
4669 11968
2238 11780
1788 11860
10531 11486
5562 11617
8365 11433
6382 11489
3484 12112
2991 11663
11294 11736
10825 12050
1290 11721
11529 11940
2600 11834
3639 11570
2261 10576
11941 6814
319 11998
4069 12104
3681 11978
6891 595
12220 11759
3979 12083
6726 11837
7993 12013
6978 10883
761 6461
8122 12100
9589 11440
8431 11798
2242 11578
8334 11261
6904 11929
5624 11543
10763 10728
12125 11927
7874 11801
10757 1336
3310 10664
1952 11925
7079 42
12088 11230
10780 11807
11063 11896
8836 11239
1240 4865
9160 10750
845 10653
3435 9817
11012 12034
11279 11432
5668 12040
8639 11874
308 11969
2866 11864
261 11837
3785 11444
5441 8582
7631 11419
10980 10770
6287 11732
6343 1954
10136 12042
3088 11309
5453 11693
2674 11300
5592 208
1442 11563
5290 9247
1022 11935
2627 11668
7788 11981
3737 12046
7961 11925
2440 11816
8732 11731
2601 2890
2818 10475
7167 370
2556 11917
3439 10520
3915 11308
1242 6238
12149 11979
6794 5047
6602 9272
12553 10494
1852 10841
4549 11718
10675 10925
868 11688
11041 8924
584 792
11034 10713
6508 11551
689 11794
9722 9903
9026 11233
1172 11634
10111 11255
6739 11062
4094 11956
2138 11755
5226 11974
8404 11822
1051 11192
6128 10994
530 11126
3192 11381
6997 556
793 1084
1961 11865
684 10288
12396 4704
7801 11847
12179 692
8560 11892
12146 10906
2690 1156
5115 780
9009 10897
4004 7683
5972 11459
1833 938
7615 9666
5965 11449
6525 11388
10238 11859
10399 10827
9638 10217
4093 11313
11813 8764
5655 11420
7377 9140
11440 9534
10649 11424
11062 11839
11734 11728
12283 5924
11946 2031
4393 11697
11998 11207
2835 9996
2974 6803
3568 11336
7521 11525
8875 11894
6179 11377
8029 10733
4591 9626
9469 9156
3889 10971
10617 8400
8255 11495
12512 11602
3684 11604
7508 11558
11882 9479
5135 11610
2091 11807
7579 9900
679 11452
2826 10299
10189 3510
3079 10473
4804 365
866 11626
11359 10893
2214 5151
11284 11009
7324 279
12369 7418
1381 1216
6238 1085
12001 11868
3901 11869
1541 11593
1052 3502
7453 10924
9406 191
9622 10193
5016 11776
55 10800
3205 2199
4907 2785
11658 10515
12052 11612
1625 6551
8492 11686
10017 11848
2769 11245
11106 9941
10689 11221
4086 8744
4750 3334
3226 9463
7141 10961
3442 11512
7917 562
949 11749
4011 11620
9001 11837
7551 10808
12360 10687
5381 11511
1733 11716
8037 8415
5250 10127
11122 9953
4423 695
11564 11505
9890 2432
12383 8741
2567 10638
8297 9365
2077 4253
6092 11132
1799 9640
4837 11560
6199 11776
380 2777
10275 1320
4702 2703
7691 9164
10895 9371
8397 11693
9343 11027
11774 11798
4086 10133
9329 9123
9166 677
597 11428
11589 11260
8326 10984
6087 444
11886 11734
8658 10652
507 10556
5450 11768
4464 11756
6898 11633
3463 9184
9341 1661
275 11244
4495 11722
11258 11682
3002 146
9015 11372
3388 10448
9963 11670
10220 11669
1875 8104
11769 8588
12492 1510
9542 10988
9194 984
1014 11587
8837 10652
6425 11581
11670 11507
151 1073
7048 9884
9482 8692
3661 11544
1303 11403
11138 10900
1730 11472
956 825
8504 11058
3793 11680
9060 1595
6878 7944
3457 11696
2090 10903
4357 11114
11066 10411
10995 1991
9593 8707
1279 11284
1753 9350
4133 886
8902 825
6619 10824
9386 9709
7629 612
1374 11572
11212 11684
8360 10868
5494 11484
3351 9975
7711 10740
2370 10194
5615 1369
3491 10540
11722 1921
2107 9011
3763 96
11883 11357
3914 11121
11606 11466
11041 11634
1132 9563
494 11274
2699 147
6059 9448
10199 11616
10083 141
11838 11391
11750 6442
8443 10020
3221 10981
12394 366
10448 9495
3190 10855
4148 7120
5274 1183
8262 11323
5953 11475
11621 10732
8868 11604
9692 11451
8584 11552
10228 11424
2199 11395
4186 11598
3596 11583
12427 11000
2691 10490
11327 10745
1047 11269
11051 11544
1372 11249
9519 11564
2912 10972
1054 11021
936 2668
1372 10209
10411 11269
5987 11283
7000 3022
9434 10312
1502 10736
8024 11445
9496 8569
8675 11562
11492 1362
7582 10335
4703 1426
2769 3224
11620 10670
8422 1102
8703 11236
11137 11272
2546 3002
5342 11433
6305 1986
10086 7971
2723 10478
10140 11117
4495 11576
6100 2405
7506 5862
5530 10282
1678 11348
3987 11179
1608 9067
1614 11425
10606 6620
557 11081
12130 10779
10821 11558
6230 11424
10342 10812
4505 37
6040 11315
11494 10948
10931 11553
1309 3013
1796 10513
3050 10717
6951 10991
2966 525
4191 10139
10902 11325
8921 11433
10204 11383
9133 11461
8413 2187
12129 8024
11799 1481
5452 7707
10360 10400
9827 4262
12179 11235
7132 9999
5927 9901
9643 11310
12468 11089
5139 11462
2056 10838
1628 11168
3763 11195
762 11336
10462 10104
2686 3318
11781 10686
137 11448
7529 11487
6809 9212
10223 9942
5379 11208
1785 10508
2933 10420
5721 73
11625 11268
12544 11101
3295 10703
7180 11005
6396 2523
869 9959
6157 10964
6224 11242
7984 11330
6038 10953
2261 11107
8138 10185
3910 4761
1840 10538
5873 3996
3116 11385
3269 5774
4243 9365
8440 9843
1832 10505
11678 5411
1611 9687
10844 10718
2829 11413
2676 143
7220 1487
7626 10887
490 3362
9824 5305
3670 11400
1487 10614
11308 11331
1496 11426
857 10606
10622 4904
4381 11189
11501 10985
1240 1208
9548 11382
843 11413
1989 10753
234 7833
3374 7708
6225 859
8191 11184
4921 11209
3525 10357
3030 10849
7169 6934
4304 10934
9834 969
9823 9951
6762 11013
12241 11234
4541 9304
12043 2757
2018 9990
1950 9982
10945 419
11951 785
6815 9819
11942 10170
3309 9768
12332 10426
6042 10336
4500 11361
2865 11284
8188 1809
10344 10265
11447 9076
2233 11355
3234 10835
12288 11282
8690 11249
4114 10307
5636 11198
7106 9752
9880 1000
5261 9989
573 10306
7985 1163
7706 8748
88 5209
10889 10890
318 11266
776 439
2401 833
1636 8108
6192 11042
6653 623
4148 7115
3771 9160
2680 874
9545 11013
1641 82
7547 10678
4354 1392
7759 7908
5342 154
6791 11192
11922 1949
6103 11313
12027 1581
12077 10400
9425 9687
6342 9532
2218 395
2388 8572
7182 288
2855 2877
6337 10773
4527 9617
5970 7445
2510 10472
11160 10787
6953 4603
2975 1776
4324 11207
11139 9803
4167 10839
9433 11058
6577 9860
8439 8098
10887 10093
4169 11052
3344 9655
9763 9572
10738 10218
7999 5920
8798 7648
6587 738
11763 6410
1513 10944
7979 10752
8316 8361
3528 317
12278 10385
1864 11265
8147 4841
6268 8702
9040 10914
6714 11075
8475 10203
8257 9349
6065 8633
4534 10740
11944 6054
9934 5341
2552 10861
6198 4536
1949 8655
7031 10874
3742 11264
2069 11174
8750 10894
2433 10974
6097 10983
9122 6385
2505 2988
10588 10554
8878 7481
10068 10842
11643 10188
3885 10928
7738 11105
5721 8630
9350 10693
9240 10511
3855 1854
5712 3558
9548 309
6291 4745
7743 7695
10260 7193
4629 1589
9744 11055
11629 10672
2532 6476
9467 407
9727 9583
9537 8150
10529 11065
4863 1839
8660 10506
425 8336
8688 11138
5140 10839
12225 11216
4953 10542
4038 10946
5990 9803
1029 11188
2196 1604
8810 2793
5370 10904
7736 8692
11924 8813
6065 10746
1792 5511
4549 9893
8690 9996
10086 382
12323 1208
7595 11079
10446 10890
11761 11105
9731 655
3524 19
11849 10901
5909 10704
9647 4526
11064 2024
3304 2340
11755 8238
11975 4437
3454 500
5634 585
5775 4543
3026 7144
10176 11049
5320 9728
11426 10327
6281 9628
8131 7336
10557 9996
1756 9547
12272 9293
63 9981
7203 1316
7890 3729
5731 10082
9714 10419
9991 9996
2209 10779
8310 11055
6067 10258
6698 10448
1734 9783
7640 10954
8172 5956
5461 4344
10464 1238
6569 9867
4668 564
5504 9208
1978 7439
5085 10329
583 9092
7828 9415
6439 7393
9423 10964
1731 7341
2657 1144
7363 11065
11590 7256
648 10917
1396 10952
9891 4508
9783 1108
5636 1602
4438 9514
273 8191
3857 8497
1683 8473
5392 10562
9856 4972
4639 6017
7507 1061
5056 11040
3606 9659
8249 1552
5621 689
11842 10991
4787 9920
11903 1473
2149 2352
4533 10400
10075 973
10834 10496
883 10432
9620 6394
6683 10173
6808 10096
1485 9073
6474 9915
5577 10719
10496 1897
9451 2162
2599 5775
11574 10944
2758 593
9669 1807
8486 10873
5663 10358
8005 10705
11831 10866
9445 8835
5602 9770
9729 10385
11232 3153
11794 1222
1798 5458
7157 9896
7594 10513
9300 5272
9595 10393
8677 10856
12519 3185
7872 10056
6426 10913
6263 6962
11283 949
3279 9493
8099 10481
11546 10832
3614 1524
5496 10601
6849 551
2760 1923
3277 9153
7002 10703
6461 9730
5681 1596
4827 10382
4976 9048
339 850
7901 3400
5603 4341
10155 3095
11409 8089
8718 10109
10549 7679
10969 591
4905 6839
1153 10808
6001 10319
11454 4163
5396 959
4180 8696
9979 6192
6382 6768
5459 6916
10353 10642
1265 10875
5298 10621
4432 9615
7313 10394
8010 1295
3445 10833
4148 10597
5075 9411
12214 5806
1964 6020
1119 10762
11888 10696
6499 9432
4981 10255
6385 7003
8684 1491
1478 10391
2971 2062
8644 10479
6383 10413
11786 9664
11500 10266
6701 6166
6937 3609
9965 10577
1808 69
4357 9031
1313 8678
7421 2693
10302 10701
3163 10905
8817 10540
7437 4230
2649 3818
8084 9288
660 2284
11847 838
6726 9677
12312 2289
11705 318
8623 2317
10724 4187
2499 10284
3886 8337
3796 7089
1795 10727
2834 10585
4734 8589
2273 10457
4050 10468
5102 2698
12427 662
9088 8457
2453 6993
3125 5001
2264 6506
11744 10672
3845 7806
6784 10479
1707 769
10580 3565
7968 2916
12176 1068
12418 10880
1710 6775
4928 4314
5044 9574
11348 9007
12064 8575
10990 9129
4181 10136
7142 1342
6322 9782
2544 3733
5376 3402
10347 10814
2709 10668
636 4771
4358 506
10738 3108
966 2839
9104 9423
3685 50
4812 10516
7607 10283
10722 102
8184 6475
9493 9794
9909 2410
2707 695
4011 6157
9609 10653
1397 9284
3435 9910
4370 3203
1601 4734
11155 3483
557 10762
12294 10397
8625 8487
11295 7125
5491 9915
6865 9106
9890 9830
10655 2650
7857 7792
10335 8338
2286 6021
4393 396
4677 9550
3538 10350
7425 7594
3021 4214
8335 563
1610 10129
7175 8295
7613 10558
904 9687
12209 10699
12492 7328
5837 34
2705 10411
9214 10569
9177 2911
1820 6819
7295 1865
8591 4124
8041 4686
491 8852
9365 10487
7259 10702
12308 2005
3235 10647
10435 10749
9689 1941
4508 10436
308 2581
4012 10271
5511 5436
5604 7694
844 10516
9037 10233
6899 1530
12429 10347
3456 3732
8656 10167
11879 769
2839 5992
4725 5553
6374 280
3683 6709
5478 6923
9375 10189
6685 8713
6546 10438
4498 9434
7636 8820
1214 10429
10186 3449
10741 10319
1054 10198
1963 9906
4250 637
2069 273
11751 10482
11089 8248
9979 10122
8330 10154
1152 7898
3649 10474
10042 3424
9715 4487
7788 2368
6213 1029
3428 833
9014 10517
1931 9483
10033 10122
8076 5457
5497 920
12527 8395
6231 4722
3315 10266
3707 2864
1076 6427
10858 10676
3359 10479
6116 10378
2258 8044
1627 2366
1421 10564
274 12
7615 9829
6821 1529
1440 8653
10691 10554
8498 5967
11070 10262
5439 6676
8161 10152
12237 10160
7600 1637
5550 10186
7916 1661
10583 4821
6439 9844
10466 10199
11052 2344
6270 5401
7358 10169
6757 10284
10645 4238
914 10515
5252 8479
1963 10204
5009 1111
5805 4943
10779 10634
7916 1202
11138 8844
7527 2935
4229 10406
8518 10439
6925 4978
7959 11731
9357 10030
8623 10104
10541 387
10431 10531
10491 1299
7163 10511
862 1233
11251 2285
4990 4361
1163 2162
6138 9649
3229 3881
7512 6591
12590 5007
8083 9916
7888 3637
5588 8471
6423 9260
6443 4904
3980 4042
6905 3157
3945 9808
3416 9009
9054 9940
87 5510
2797 2661
9654 5640
4244 9372
7 7720
120 10304
636 6546
8038 1799
1039 10073
7435 7407
10503 10534
8031 9087
4830 9128
7694 2027
4593 2885
749 8972
8616 7283
8416 10206
7304 9131
6117 7180
12460 6838
5704 338
1395 1388
8700 1465
9327 2117
10856 2533
3934 9545
9949 6814
4686 2056
7516 4289
10429 8744
9965 9457
6713 241
6165 307
664 5825
10233 8964
12108 7925
6724 339
135 1328
5173 5789
4528 8619
2455 4524
980 8904
9772 10420
12175 9401
12503 11306
512 5978
4527 5341
5730 2553
5124 5861
7033 10310
8541 2741
8296 476
8819 10130
4163 7462
8785 2611
771 8150
10775 4007
9322 6527
8723 2792
11736 7770
5481 10355
6075 8341
5628 5540
4780 3890
1020 2858
11726 10404
11506 8546
10513 7235
9411 8852
12206 9376
4970 7354
5312 553
7382 4876
107 5301
1543 1343
4506 7414
12005 2497
11460 9451
3624 9575
2008 5647
6071 9646
8760 9850
1193 9393
525 10207
5137 10461
8137 9556
1307 7897
12023 9534
11244 10075
6126 2786
7033 9185
7327 8881
10584 4017
812 10131
3218 6045
11121 2160
1732 2290
10420 1574
241 3955
7472 9114
6736 2341
299 10184
9096 10169
3270 6751
6176 1529
3555 1484
1199 4159
5302 6937
7442 4072
10672 1298
5759 2001
2898 2187
11131 8007
7701 7083
9069 9411
4616 9749
4864 7368
9204 10213
1470 50
10415 9558
10840 2686
12233 10415
3523 9903
6034 6943
11046 10044
8034 10366
11831 9792
4456 9692
11379 3544
3409 9516
8823 367
12585 4316
6468 2093
7846 8509
5966 8278
10111 9553
10986 4952
2932 10133
6897 6587
8265 9787
1989 8598
8626 8729
10024 3075
2471 7732
8570 755
7732 6875
2273 7257
590 6581
10347 1250
7257 9135
9705 9011
2864 9012
5121 6493
6127 8656
6953 9380
9396 1268
5364 5823
12283 9419
12180 472
235 9804
4080 3913
7486 671
7246 2550
5714 9291
3104 2976
11510 2906
12515 5212
12405 8859
2628 10250
4871 6443
156 7804
416 2258
11946 7263
5499 7865
12259 9770
7471 9326
1652 8647
4810 9959
12281 5729
10639 779
5296 5247
10430 10262
9487 8692
3725 9759
4586 9408
1927 9077
5837 10017
11931 8298
6625 8803
21 8929
10536 8526
5220 3180
11069 3591
7808 2723
3258 9370
10008 9656
5751 497
1913 3596
9958 9098
7393 9655
539 5370
11407 10253
11487 8908
4040 4655
5712 7593
2239 10230
6494 10157
9742 8043
12071 10048
12477 9195
7933 8440
1 3535
2 39
946 8861
8047 9672
10739 634
6311 3587
9062 7340
8937 1475
6870 1413
2616 10231
12267 4411
12490 2174
12464 6563
8104 7023
3238 8199
2491 8424
2253 1540
2847 5835
4648 9643
4913 2656
5238 478
1062 2755
1102 7766
2290 778
2814 933
6956 338
3189 7441
6979 8882
7836 9942
3560 1778
11188 2497
11755 3717
3694 474
12195 1610
11600 9211
5196 5932
6502 8571
1942 2636
9186 5520
4387 10171
176 9953
11366 649
3142 9939
12055 1176
1259 8360
2321 2602
5826 7578
8902 1104
2985 7130
7360 7869
8694 8116
1351 10077
7499 5057
6538 10014
3252 5585
1352 3539
2649 4278
7376 1736
12565 8647
128 2323
5465 4967
9700 3599
3862 558
10576 3044
5394 9476
11480 9162
5958 10104
3011 8897
5132 9146
1927 3479
958 9893
1391 9741
2810 9172
3458 5710
12456 513
708 4774
6187 9275
5368 964
2067 411
10944 259
6868 9343
8523 3321
8603 1841
8947 8686
965 786
7058 6319
8001 9800
10165 5865
10218 9419
8740 5017
232 731
956 9547
9211 3990
11366 1250
9017 10125
10902 8084
615 7516
4027 9316
11421 1697
8283 1861
8539 9475
10265 6022
2067 9359
1639 130
6052 1192
7948 9979
11934 2860
5478 4463
541 9976
5208 1102
3407 9380
4732 775
12344 5325
4347 9834
3353 1153
8157 8524
6599 10103
10364 9249
8417 10065
631 9949
12599 4756
1033 6511
11737 5961
8200 9926
12528 9536
2156 7328
7946 3872
10670 2832
5082 4883
3732 8982
10768 9444
6017 2373
9797 10006
7777 9997
9652 8865
6477 9688
8591 9731
8839 6670
7612 5773
12253 928
1966 4917
11185 4795
11161 9671
6394 809
4802 3267
9268 3456
10354 3252
11974 8075
3499 9793
10534 9115
24 3800
2866 9674
3232 6528
2725 573
4932 2871
8712 7841
4093 5043
8668 6469
8977 7445
6416 56
4747 9182
3587 936
1859 3695
7064 8755
6168 1598
466 1676
8400 7822
890 2389
7072 8782
3389 8539
7954 2455
9315 2557
2011 5710
93 7472
7332 158
7077 3652
9987 5768
10773 6259
4966 9797
1063 8794
8172 4498
8837 5609
11004 778
8184 4256
11326 4123
5170 2614
9921 3554
3992 2264
3201 7509
6569 9964
7897 5571
4765 6346
6688 8054
1627 6613
8034 3453
11745 3362
11897 8879
10223 7563
2410 7172
12165 4219
7658 1550
4800 9471
2596 9590
12121 2712
6126 1528
11096 8775
8883 3110
11035 389
2374 2348
4998 7968
6188 8817
4234 7665
857 9246
1760 9450
11308 556
4637 8546
5518 8590
8971 1118
12238 8422
10878 5235
5582 8827
9538 2587
7045 1914
8664 7435
4362 9931
4731 3109
537 1150
1857 9167
5762 7981
4714 7517
7152 4644
11285 9296
2686 8445
9260 3826
6542 8281
692 7239
8650 1337
6873 8998
6756 8557
517 4026
12458 9451
6422 9274
4393 3017
4180 3925
2308 9657
11572 9712
11898 7695
6708 2896
1858 7150
12202 4220
5061 9305
4255 8922
11412 1959
6353 9769
7125 8573
4078 7489
3832 7376
557 9907
5460 8169
1140 3351
3148 5476
8992 4749
555 9933
8315 1939
9392 8725
10020 3138
12527 7145
4000 518
5550 9866
696 2789
6924 3041
10867 434
8357 7830
11561 9131
4506 8838
7707 6157
2488 3188
1304 9835
9850 8619
10325 9307
3870 9296
5702 9606
9057 9
598 1935
8159 9807
12017 9663
3206 9495
1085 7408
1021 8011
6090 212
459 6535
8956 8464
6559 9521
10639 4011
8956 9747
8115 5625
3157 8520
2368 7861
11269 1263
3994 3759
11863 5488
10960 9343
7580 5212
12359 9358
6403 521
5572 7808
10552 1123
3593 3952
5643 142
10547 494
424 978
8999 2467
4427 31
7784 361
7666 3368
4765 8823
7447 9687
12469 6240
9763 7361
642 3205
9966 9118
628 8098
8873 2127
9055 223
8657 3270
9492 1264
1878 447
7931 1703
3031 4139
10281 8289
1768 2501
8700 2597
3570 1311
2337 6228
493 7324
11427 5070
2012 5154
2133 8261
1592 2540
9585 5603
931 8307
3704 8347
2867 814
10622 6426
7315 7462
4169 8956
11178 2069
2996 9554
11489 1496
11255 3638
1174 624
11095 5906
10335 8994
12307 193
11844 9692
9321 8235
149 8000
7650 69
10678 7347
10409 6521
8140 8180
4623 9435
9851 1112
11090 8354
4187 9226
4185 819
3395 8233
9980 2705
10765 901
9427 9740
11574 4339
10054 2502
281 4451
12113 7487
1217 5249
7516 6934
9963 7667
8815 7972
8524 9071
3634 5980
752 3029
5563 3043
3950 4373
11210 615
8616 9453
8157 891
6028 357
8829 1131
1777 9109
2589 9110
10784 7416
10986 6095
6231 3759
12578 4618
827 2337
9462 1500
10055 669
12396 9162
11772 1220
6740 1469
6384 319
12223 1235
10721 3427
5932 8904
174 539
6562 9601
1496 8517
5849 8919
8893 9562
6362 5998
4502 4614
912 2637
9703 6703
2437 1694
5401 9189
4632 2979
9808 1847
8497 4551
364 5660
5135 8539
11135 2731
2052 1244
3129 9272
11941 9594
3503 9360
7965 2797
6601 3285
8395 7808
1647 3346
4329 8913
4633 195
3807 6226
4364 8025
10040 1116
8306 4400
11475 9194
12043 6899
8322 1598
2103 9437
9487 9383
2113 8776
8284 3321
7688 6418
9710 6641
11815 9634
11621 4456
224 1159
9229 9215
9909 8639
9607 2000
10630 2929
10444 9591
8173 10785
4257 3970
12224 5880
8550 8140
7708 813
11379 4014
3679 7264
4397 621
11370 8491
12326 5670
8846 62
7570 9012
2001 6298
6553 731
9221 8205
7128 3590
4254 8153
8781 963
2456 3394
6974 7122
9790 9000
16 8859
8113 3863
5276 2248
7114 4549
4031 3950
11966 9115
2061 6007
500 6257
1909 816
9622 4092
2150 3612
3141 8447
1818 6657
7592 8406
9286 6856
7015 8955
1646 3698
1789 5262
8776 3854
5686 5185
12096 5164
7880 4936
10324 4546
11884 1883
1203 7854
9359 4061
9299 1260
845 2456
7043 6456
5317 2068
11411 100
8021 717
2815 6059
1024 2411
9795 9244
7953 1325
4319 7695
9124 115
9808 3399
3942 7661
12032 9159
11911 5821
1053 367
9793 9385
7743 9336
9524 7200
10768 1897
8188 4978
5350 3520
1793 9180
5469 3609
825 4446
10835 8820
10717 8690
8328 8768
10068 8959
12301 646
9766 3572
5671 1709
5673 8538
9164 244
8737 9216
5162 5934
10589 3862
5076 3628
3141 603
2595 7711
9572 181
944 6307
2179 4147
1207 6547
5606 2320
1613 2024
11237 8683
2535 7072
12589 14
12466 9096
8954 454
6480 9346
8438 6497
5833 3433
3746 9407
522 6961
1587 7563
1751 5089
11726 6429
3384 1598
3685 7933
8434 9442
10810 7662
1344 4086
10752 286
9300 6116
3310 4295
4470 7826
4308 1923
4050 326
5245 8890
9029 4022
6652 4914
2981 8742
8275 9220
9402 7127
8752 3846
6824 7929
888 8177
9463 275
3552 1913
12060 8741
8317 6097
9775 9152
10622 2543
2276 9047
12593 7515
3134 8558
12254 864
11502 569
10347 5160
2908 471
3626 8161
8566 7825
10079 52
8184 7527
4946 8191
895 8579
7017 368
4488 8626
4486 5638
1860 2228
847 5647
2588 8946
9276 7834
10532 1309
3767 3220
833 1462
11022 4470
8459 3784
4787 5172
794 5900
5768 305
3628 8019
4755 3927
3714 5859
6665 9312
8788 8113
2796 5867
501 7547
6008 5926
7381 8144
8778 6742
3678 6666
5506 2904
6170 6742
11517 7065
1024 3501
8629 3092
1707 6591
10715 4764
9165 9039
8429 8432
9134 5330
3309 4659
2741 2587
11908 7914
12375 9157
12552 4000
12596 3932
2462 1209
8404 7603
10229 2194
7733 7832
440 1842
8029 1617
2378 4567
6131 1270
10910 8292
3196 1230
11064 9051
2519 1432
6066 4900
7693 3477
9132 8127
12053 9010
9240 8786
10795 7701
5838 4105
4354 9267
3536 9130
2273 5101
3400 2429
6790 3277
10064 7350
1260 2743
9516 3145
11868 3059
8820 565
2033 8724
7103 8700
1244 572
5578 3106
3741 8745
10353 8022
8595 3376
9948 5247
536 9252
7510 9127
4924 8693
11425 4094
4406 2542
12100 11344
2640 942
2729 7472
11840 566
6026 2641
8518 4784
9379 5373
8470 4362
1826 3370
809 966
2367 6244
9527 3743
4738 6604
3540 8739
6593 6976
7319 885
7225 2533
4448 7754
5188 3961
3006 8508
429 7417
9318 6233
6641 271
10170 6944
6897 6100
5523 2645
1382 3095
3829 2855
11502 4377
4550 2051
2560 307
8021 9090
2834 6384
9744 2862
1308 7873
10121 5561
8654 8935
12257 8195
10975 1273
3967 2408
691 8135
7645 1104
3264 6261
8630 4031
10535 179
12295 2582
9185 5616
2125 5305
6660 2532
6483 627
9063 2334
11947 3161
543 9125
4783 9293
6779 2308
4278 7087
7791 6402
7685 7052
7519 8373
10353 8667
10589 2703
10824 9071
1978 21
7366 3199
8053 1645
830 4782
1989 8805
6556 7685
2610 6357
1146 3969
7370 9103
6252 3879
2124 9038
6114 8302
5430 6605
12416 3767
1842 8940
874 5686
1826 3806
8081 6999
12156 5812
12379 6649
8153 5255
11450 9022
2115 8421
11336 6587
1581 4613
937 3048
9505 6825
3299 986
2511 3717
4322 8689
4756 7351
3785 2194
1707 4281
11280 1811
5341 1898
7930 5681
5680 5089
9146 8563
2931 8206
6650 1679
6172 6754
401 20
10027 2308
3281 114
6130 2110
8323 4811
8286 589
7214 2621
3971 1126
5641 8360
12069 8377
3258 8340
5727 7713
5851 9042
8214 7857
7283 6678
7611 3920
11472 5661
10549 7408
9281 6832
3582 8113
2605 7370
569 7308
19 5760
8973 8709
8374 2802
114 4716
11631 8178
432 6161
1171 2974
10659 4370
1656 8932
10810 651
8532 7883
5048 8738
6913 6289
9290 7209
5512 3357
3860 4778
1450 8214
11386 5147
5778 8097
9495 2060
10491 11599
10249 5992
9781 4526
913 8183
10852 2084
5372 8013
225 3461
2496 8009
6586 4187
9163 7173
5107 8949
12597 4766
12207 6169
12011 2379
4630 3547
11097 3824
4162 8828
11946 5230
1532 8814
12192 7910
10715 7606
7138 1835
5966 3600
8265 4578
12020 4788
11585 938
10082 8028
10157 9052
2682 3788
6793 11239
12470 8755
6654 8975
7921 8235
5905 1356
8839 2937
10208 1726
2000 6340
8165 6368
5980 8258
2840 8686
8976 5563
8985 1475
9024 8116
11885 7678
491 93
10304 7454
11346 8102
3295 1702
8149 8939
12073 8164
992 2745
11839 8852
6805 3630
8434 8674
8767 4984
10241 7687
11961 1078
1110 3625
1062 8181
5554 2347
10067 8904
9181 8998
3351 2114
2200 7766
6294 4661
7614 1614
8829 5579
1399 2192
11455 3415
10199 7938
2425 637
7721 5414
12045 2680
1324 4099
6530 925
9462 3899
11919 8597
5441 8758
2929 8781
5780 4982
11549 4908
11707 8625
11658 2809
4056 173
1187 8511
9452 1758
12451 8777
1862 2106
3236 2156
9768 7867
8228 4000
5006 7185
3906 7376
5558 5391
5785 7024
1852 7820
11225 5082
6851 7913
2429 104
11881 3160
7825 6998
5022 409
2744 2980
1021 3602
1275 2726
8546 8662
8506 293
4669 1242
11440 8244
3017 7009
6269 6231
11909 2407
6792 5395
1887 2178
6224 8528
8241 304
6490 6977
130 7189
5518 7849
8581 6064
6791 993
10721 455
3361 5349
6768 778
9344 7179
8437 4597
5165 7971
4220 7244
7111 6027
5887 4823
7953 620
7453 7529
3159 3367
9871 7679
5588 2466
4173 1806
12189 3509
6907 7414
5009 4836
3250 5750
5653 3194
2910 3914
9462 6272
6459 4801
1258 2023
12250 691
2163 5584
6346 8413
8366 5205
9263 6786
12085 6737
6117 6338
2120 8512
7261 4210
11608 4149
9973 7739
7137 7966
5817 5254
3570 4609
7704 3220
9624 4328
7711 7170
7305 5252
12355 3024
12432 6460
6373 4417
9601 1455
6692 3589
7199 6738
709 6585
7964 3620
10505 4135
804 3014
9200 8450
8250 7088
5930 5462
10780 8779
6264 7674
10654 370
12128 4308
872 3819
3731 2906
9942 550
7188 8694
6707 3519
4767 7361
2480 5033
161 1421
2937 6225
4196 4152
12109 4526
5356 7033
5710 811
3628 1812
10768 2326
8136 7351
11512 3167
12166 6919
1568 3533
9676 6718
1330 5690
1987 2988
8741 7821
324 24
561 960
8562 3351
2500 6420
11989 4706
294 5658
628 4117
4228 8089
8307 7917
9748 4363
4546 3334
1866 5235
5772 7007
11961 8302
1047 4964
9883 5403
5763 2368
1968 1710
5995 6934
3414 2934
6150 180
12389 4779
5913 8731
12491 2620
12358 1532
6431 7217
7864 8509
4681 4655
6851 6379
4660 2155
5962 2369
8545 2330
595 4492
8508 3851
8792 7680
903 7628
84 6183
155 9349
808 2967
9873 4800
6891 5927
9281 6852
5240 9937
10479 7645
2736 6142
11122 7900
9264 7350
5121 294
2943 8055
1822 6739
1728 7493
3499 7686
1597 876
10637 5234
6746 4547
270 2223
8390 8333
8689 8795
8313 6924
5805 8176
1299 1440
10422 8236
5309 5348
2900 3852
873 6649
1792 5199
11576 2746
6355 461
12220 3785
1918 2419
5181 6415
7938 4396
1125 2631
7166 6651
8955 2859
6546 4247
2581 6860
10862 80
2378 2101
10416 1116
1952 5630
7406 6323
5699 4309
4354 5588
6147 3253
9665 8063
2320 6906
3831 7925
6796 972
12251 387
3390 735
9328 3533
2359 7835
3508 2359
12301 4036
1269 5911
8192 8171
8137 6770
10509 7134
4214 8068
5032 8325
5548 7193
9735 4127
7678 4702
12236 3379
11484 7116
1975 5286
10209 7359
10739 5228
3837 7344
8712 51
10217 1754
11297 6038
3520 8198
9667 8434
7197 1013
3282 6057
2400 3035
2424 4537
11877 74
3495 8456
8488 2389
11273 8134
7781 8264
1285 1353
3010 8092
11961 10147
889 7979
7687 4114
468 7576
12572 2056
11910 619
10254 850
140 6756
6038 4670
8865 2035
8605 821
9768 1405
10742 3645
5963 2532
3542 8231
9919 2317
7029 5586
3663 5659
5755 8176
12138 7378
946 8203
2875 6438
5102 349
11946 5020
5443 8427
2005 4759
10690 4670
3174 2328
368 7205
1716 2127
9330 7065
5637 1536
7443 7599
8200 2875
549 8314
9989 3986
590 2484
551 5490
8502 8155
2119 1307
2365 5272
8665 9394
11391 5938
11124 8399
10032 8182
2560 2349
10361 7177
8876 4472
805 5338
3155 27
10367 5686
5984 9526
7872 5208
9198 4372
10368 5222
9881 4162
4472 3781
12365 5864
8334 1954
7985 4319
6520 6889
1752 2565
8554 8255
9869 6943
1115 1648
6038 1608
10405 7396
9163 7532
6926 1894
8308 2577
1043 2049
3592 6735
11850 7802
2416 488
11604 5876
11316 7076
2064 2754
4291 6964
9012 4249
4824 7032
11583 6130
1592 6794
10616 7833
11294 8179
4502 6130
10058 5057
7880 3752
4394 7399
4232 7576
1451 826
9696 1302
8971 1075
3113 1630
12016 8218
1135 7908
67 1671
3627 8322
7527 2787
10473 2856
11396 1377
7879 6913
4718 7947
5411 5637
4389 7327
12417 1430
3281 8108
9231 614
8794 2649
8711 3674
6089 493
3588 7781
9209 407
902 3524
11059 4349
6120 7085
6290 4825
11531 4277
1519 7998
4290 965
4242 7316
8098 3852
2514 7974
5518 3905
1785 2944
8389 6593
4953 221
10015 3767
11654 7378
5928 20
5850 3087
5205 2314
3287 6334
6250 8085
7992 7011
3321 3928
8738 2524
41 5957
2937 7475
6848 7297
2221 2036
8603 5366
6991 1267
10461 2394
9665 3323
2062 3788
5921 8967
3080 7466
5031 7996
8139 4315
12534 9671
1946 6183
11782 1782
11215 2822
573 4862
3354 3670
100 5108
9226 8909
8686 8310
657 4575
11986 3081
7643 2849
5496 5102
6871 6376
12432 147
1101 8315
3058 571
9865 4218
10837 1300
7084 4565
8199 1844
9366 7799
8500 5159
8577 7993
2599 82
1984 4873
6739 7700
6924 4148
5045 6934
11494 1309
9819 2739
8664 2078
6584 6392
1026 5476
2644 5089
7348 6341
10551 2074
3878 6420
326 160
9739 4373
8853 4486
11935 4396
9157 6277
710 6600
10234 6687
1101 2963
3979 8028
24 1052
697 7416
1299 7547
5057 5683
4859 5980
12363 2882
4149 6737
8968 8015
8327 4276
10500 6525
3432 9684
520 4005
11927 1512
748 4322
936 1802
733 5213
7055 4029
11283 4769
12431 7621
11898 1053
2565 599
5833 8082
2208 6882
10333 4024
7038 5030
6361 7504
9511 2935
9626 8089
4802 7868
1252 7544
9323 10998
6868 6171
8207 1418
4295 8084
4386 3546
7208 562
11945 7849
6207 6019
3318 8233
3811 8021
10870 10773
3160 2989
4834 1409
4631 6478
1032 4277
7450 8039
7806 2445
12392 4360
4769 2341
2970 8577
6777 7691
2986 2486
7403 5092
6572 442
9686 5970
1035 6590
5914 7704
3798 7669
7272 5794
277 2418
7020 5100
504 1894
6926 3576
540 12290
3497 5234
7086 7456
1552 4815
10350 4304
501 4560
8689 5316
2399 5314
91 6944
8657 2317
3313 1336
11079 7670
593 3453
1035 4934
6750 3090
8029 7918
1952 504
7834 4761
10473 1205
6182 3187
9089 8167
6489 7520
2192 7839
6689 6328
6940 5930
10130 5525
6732 2568
3708 586
10705 4363
1080 2140
2822 3909
239 8762
3749 3226
10807 8230
440 3633
12330 7020
10066 7732
8509 7561
5539 2353
1285 3007
4575 8530
3980 6060
9707 7695
12253 6585
260 7280
934 791
7341 7491
10420 6656
352 6179
9770 2537
7033 4173
903 6808
6997 7306
9361 7288
7962 3362
3812 5213
3457 7170
4108 4905
9954 4445
9779 6850
6416 3784
3561 2327
6581 5852
6251 2161
1767 2023
9714 3847
6353 1666
11639 6517
83 4006
5868 8062
12324 4675
8584 7834
3822 6037
4626 4086
10146 2665
2629 6336
10543 1796
250 8075
385 4192
3899 1295
12162 3270
11522 6045
1900 3871
617 5243
11390 8018
10292 5905
7637 734
9920 1562
9449 4522
9797 5400
5169 4584
6015 3563
11488 3113
11846 3319
11590 6851
6949 7426
10473 9157
8039 5913
10483 7350
1438 6909
2910 34
12011 3287
9800 2655
3417 2084
8739 10527
10579 255
8179 4447
2546 2515
7203 4902
6653 5426
2666 979
4583 1979
9465 5858
478 6400
5556 7927
11004 3539
8603 5787
2320 398
242 3148
2932 299
2840 5531
6293 6743
2740 6348
5268 342
11383 7327
4458 6446
12401 4856
4087 7681
503 7309
7335 5481
10950 6172
6152 4233
4212 3067
9424 2208
7932 4588
526 2599
2862 3455
10570 7691
7916 4479
1164 4008
9124 3972
7320 5950
4560 2343
244 9637
12115 2664
6334 7705
10393 3525
2063 296
450 5963
8114 6668
3257 5646
10961 5301
85 3237
4931 6536
10338 9055
4766 7690
11276 38
1144 6121
4076 3996
11126 905
160 1644
2096 4416
12284 6654
7016 5170
4765 10035
9566 7704
9422 6597
7507 7247
6764 7875
703 5036
1533 6212
1550 4033
6877 8412
161 7603
6617 2503
4409 2081
6901 6026
3317 7576
10767 5712
10221 7121
7999 2289
11539 1746
691 3936
9558 6168
9136 1244
3169 7081
373 7356
2681 2314
11433 1159
7825 1684
1607 2735
1387 475
4151 5925
11158 7735
3785 6209
2735 3994
12559 7079
11439 1911
1493 2140
9180 6659
950 4904
6622 4244
10242 7453
5519 577
3029 7671
2719 4791
5032 3802
12559 7605
2445 7497
5813 5144
12041 1325
623 3245
331 8542
4986 600
3278 4011
8704 7362
2776 7418
11166 7703
12318 7144
2540 1073
3571 6523
6588 2937
4957 2918
12427 7242
4026 700
5985 5424
260 5192
1661 123
12191 7660
8140 709
7723 2047
2174 5772
12571 1085
3260 478
7489 10296
5992 6562
6930 3413
192 1722
11025 6277
11542 1036
7386 4029
8766 842
386 3200
12339 194
5404 5511
12321 6936
10413 4861
9372 7015
5584 7302
10926 2221
4886 7468
975 5682
3771 7473
3723 6608
7021 2599
11155 1337
4578 2725
12045 7865
3208 2424
8323 4222
9914 4234
2506 122
8287 1353
6806 3485
9492 1837
1163 4283
3350 5848
6057 6492
1889 1950
7259 2781
4726 2463
2976 1309
3426 183
11738 7065
4201 5134
8785 5396
544 1717
3616 12
6665 4127
1826 5689
1417 4804
9021 5308
7819 34
5744 4833
4138 1747
12056 3696
8840 3328
10746 888
8890 3673
11804 5573
11982 10566
1157 5075
10480 6628
7437 5512
3002 5003
5006 4672
3018 3742
3348 2885
9837 7038
11542 1125
1300 5259
4383 8454
8182 7744
5605 7194
952 6277
2316 3271
10884 10118
8510 401
7240 5671
9598 9354
6227 5398
560 6961
1407 3305
4290 2510
2373 2968
7233 4634
12429 4788
5155 4855
1247 5298
7859 8895
5068 1499
1501 7418
11963 5801
11687 9288
1356 569
4327 6193
3682 2598
2910 7207
7187 5186
7406 949
10304 1112
1494 2284
1388 12272
6112 111
3994 7672
218 5042
5027 7537
4103 5821
4355 6467
11106 2615
10048 9111
3850 6725
3563 5938
12466 5853
5611 7017
6281 6123
8743 7254
1022 3858
9720 5813
11704 6615
786 9742
10733 6753
9922 3202
408 5055
4902 7312
8946 6730
1289 2954
8145 2036
6470 1764
4568 303
759 5271
1218 3035
11877 6049
2596 4715
5053 11010
9632 6764
3531 5198
10452 6584
860 7553
4394 5559
7877 7162
7434 5988
2686 7115
12464 3694
3630 3012
8958 2976
2012 3291
9242 5689
5446 7193
10757 1473
2772 5232
1092 3543
4103 1392
5874 2579
11120 9857
1913 437
284 11623
5277 7584
9972 2962
6029 7588
767 3938
11529 1484
10948 1004
4708 4305
10655 4643
12250 1461
5254 7274
2686 7477
4799 7834
12074 4689
12334 10536
1573 3844
4984 5972
12172 439
11473 6202
7469 4851
8133 1332
7475 8524
5810 4850
4823 5496
3497 1331
4688 6747
6202 6960
165 7025
11320 853
6363 6708
33 861
11287 5743
6233 5436
9173 6202
5460 57
6400 4656
9714 4538
691 6189
3395 6578
4079 3642
11488 3199
6344 771
9332 6247
8295 10041
1507 2500
708 4445
6894 5554
10658 964
11883 6871
4114 3517
4863 6891
4092 4978
1899 5784
9858 7000
956 3741
3087 1043
845 5563
390 1332
10813 6287
2026 5923
7539 6016
9079 1255
922 11911
5759 2585
11660 3983
332 2648
8605 5125
7752 638
4464 5279
7930 3547
12259 2736
4370 7463
7082 865
12137 1237
10993 8211
348 9780
9234 498
11121 2814
10082 3412
12597 5954
8866 2315
2691 6143
1121 723
6458 3428
6152 5172
11018 6717
4116 6861
8084 10705
3343 5677
10958 6545
9277 5559
11617 5162
8072 8933
10659 9404
7394 5294
7504 5116
7120 5877
3240 3458
9076 5377
7979 4082
6558 7633
5119 3945
5131 4753
6013 9857
12110 6455
10286 7739
9898 2740
4341 1739
4446 313
10504 2568
10062 6694
7139 5511
4395 7485
8184 278
10519 6511
11225 7394
3436 397
2963 1076
5043 5688
4959 2170
4137 3458
4512 3027
11681 5392
9476 3086
7071 3965
9229 5069
1241 8808
5081 6001
7066 4190
7920 4985
2505 5777
9401 6957
11414 4013
12595 2128
3296 6627
1388 6708
6816 5132
11574 1808
7472 1297
6099 5117
7569 6246
7139 6973
6558 501
4028 3173
7525 6502
11268 6880
9965 4798
4428 4543
1271 1399
686 5115
8450 8924
1950 1737
7403 5764
8285 6512
12558 6284
1665 6041
5287 795
5315 2355
8422 2193
3989 879
2246 122
6620 5502
489 1517
8621 8372
1886 1687
2802 5397
7309 5678
8892 5063
5575 6319
3080 2585
11578 6138
9201 5691
885 4156
5815 2430
3433 627
9809 8
6697 89
1181 6533
9025 1539
2050 8655
6742 3792
4860 2124
5850 4335
1048 2888
2505 4062
6288 5852
5623 5628
6378 3813
3733 4932
10640 1446
6445 7319
3880 6748
12546 5242
7218 1803
6464 2710
1233 7219
3242 6774
6284 7174
3988 1884
190 5767
7702 10433
10822 2416
4264 3981
3563 1981
5027 1591
409 2261
6684 5936
5653 1638
10551 3934
9662 4701
10381 5783
5687 4603
5097 3426
8561 1261
9698 116
11497 1342
10033 439
6920 7002
5174 1839
3139 4049
1612 286
9411 5910
2217 5851
3345 1633
7768 7029
4202 7285
7974 7250
9639 8979
4977 6710
12255 4302
4502 5850
5736 2963
9043 10192
6280 2839
10313 3650
2419 5984
5573 667
8146 6403
11017 7074
4765 7203
209 4811
2421 6622
6192 8375
11960 5502
8458 6064
6324 6857
5020 8902
12195 5099
7106 6217
6570 7045
5911 5502
10307 5706
5646 5175
3787 6571
8048 6391
1963 3412
4912 918
5074 2977
6592 4184
3891 705
3093 7162
554 2063
6372 2061
192 9165
178 3922
8923 3150
9220 5064
8917 3589
8609 3524
3378 2615
7642 7660
3136 5606
6942 3324
1918 4923
950 7157
11284 4345
11179 6919
3245 6408
11663 7812
5092 5083
9995 1307
5505 5649
7228 7107
8297 1693
4942 6230
5341 1870
2403 2050
11352 7180
1986 4874
8448 2071
8011 6208
6795 810
1544 10101
11432 7212
5999 10419
2409 5322
1665 3510
4157 271
7973 8573
2356 8952
10663 4010
1524 1528
7814 4969
8326 73
9542 6315
8574 7367
3491 6510
9063 153
4507 3616
11420 4606
2839 925
2411 5338
1414 5191
6421 1848
10197 7130
11158 5680
7512 631
10210 3538
7395 7105
450 6593
9922 2898
4645 4824
9585 8087
6320 1277
6525 5913
7391 3958
1429 3876
1026 3327
7750 9550
5862 5915
3909 163
9177 2066
4902 6831
6467 4472
6906 287
11147 1663
5023 4282
5661 5996
9918 9354
321 1561
4683 2826
12378 6558
3528 6593
191 5096
12531 6664
10158 5326
9537 6419
6463 8517
9557 2333
6144 5659
7470 793
11883 1499
5566 6642
5829 2122
11578 7665
1922 2598
276 7359
9014 2188
11808 2097
10055 5985
12022 1324
5113 3009
2102 10880
5309 4488
2366 8814
11330 6953
9039 4787
966 5850
5608 1452
1347 1088
10660 6114
1479 2786
12564 9088
8026 8624
180 4863
10930 6717
4731 4264
8624 6433
4585 1535
9231 5635
12518 6373
9238 6245
8768 7031
2528 6701
10854 6361
558 1945
5460 576
1210 8527
9724 670
3831 5167
3586 5857
1377 6697
290 2855
5740 5707
8389 7783
987 5040
11159 2409
10596 656
11489 4787
11595 2993
2978 6155
4956 3014
6916 2090
2822 3544
12535 83
2266 713
4291 8888
1164 2423
814 3122
108 6149
1620 728
10829 602
5797 6566
6818 2686
4666 7581
8746 6785
3525 7326
5167 6646
11382 1802
9210 6504
6801 4799
2498 6080
2621 2203
131 5952
4822 1690
10673 3730
3626 2402
9616 402
6084 2839
10330 8795
11533 3999
4569 6560
8265 5653
272 10459
5984 3013
411 1813
6626 6237
9832 7214
12586 6777
1374 7068
3646 6524
8060 3321
11465 6117
4055 4579
510 1091
2495 6789
5948 4204
887 2546
12056 3060
724 5318
5970 9333
11457 5911
6480 201
12252 3530
5883 4276
11132 9648
2154 5435
7748 5453
8448 6226
1080 2152
7272 9002
8707 2532
11993 6188
4418 2587
10592 167
9099 2265
6791 9956
11409 6207
11779 6922
12010 6159
2969 6085
10265 6690
3711 522
10720 2802
4662 4075
9765 3336
952 3945
3807 2999
7001 5635
9349 5698
11953 1971
7955 4994
7790 5606
5086 490
9779 4112
2814 7280
10146 1831
12372 6481
5562 6801
1039 5432
10116 9425
2407 3354
8945 3229
1646 6233
11916 8955
3887 8337
9784 1015
10805 4827
3045 6545
9832 2652
10593 9212
10085 9108
5362 6594
3157 827
1146 5600
11723 2304
12593 6492
2642 1718
11439 5728
4642 5798
8437 10167
8500 4081
10637 2933
4296 5591
1313 492
5107 358
9124 6422
12488 9805
9641 7306
1794 3154
10206 8906
7862 3752
12016 6172
10452 5184
2508 10259
9352 5945
3685 6501
12080 2638
731 7264
6365 76
4494 2234
10645 6727
623 6264
7506 2419
11617 3453
3195 3566
3639 6853
11947 854
5261 2914
1282 497
9440 3638
9110 6309
4470 5686
3413 5100
12146 6784
5207 1285
6860 5286
9943 1776
8735 6383
2036 6374
3542 1157
8370 1562
857 4138
7830 8950
5972 5942
2075 2940
9200 2401
11635 6471
754 6781
5024 2598
6360 5200
10125 9017
987 1303
9933 1082
1691 4050
8221 10577
9479 6766
3850 4343
5899 7545
9692 1753
7215 125
3475 2130
9657 5805
3699 6625
6890 3810
11077 3211
1659 11591
1215 2920
9709 6104
11724 3473
7847 3707
10936 5385
148 2000
10616 5621
3988 6061
887 5188
5962 1437
4747 892
895 3317
2214 4823
3702 6282
3493 6212
1223 6532
962 4743
680 1019
1375 1557
12501 2666
2294 8471
12044 3527
7425 6676
161 5675
9779 1142
3032 2017
10255 4791
10091 6639
10070 3809
11961 1529
8909 4000
5258 1444
4063 5405
2625 10272
8170 6248
2965 4680
6569 663
10290 8079
6717 2070
8354 5917
9663 5965
8241 2359
2161 1554
9876 74
4539 5545
3527 5765
7402 2984
8258 2740
12139 2464
6130 3698
5097 10524
11603 2479
1882 4073
893 2329
6334 11009
481 3590
1877 4078
6578 5128
3160 864
9425 4651
4616 6084
472 4758
658 11080
8117 1176
2649 6208
5725 1827
9224 6099
3642 1531
8812 4445
5499 6556
4364 1667
12302 2859
11959 640
7126 3481
3047 2318
5445 7288
11547 4950
6033 2994
3897 1328
8273 4618
8342 5478
4711 4944
1485 3842
5577 2178
4035 8463
3496 8846
12349 1477
3720 6286
10945 5540
10278 372
7727 3498
2908 6428
10505 5433
9705 8576
7726 6478
1360 3180
5439 6104
11477 5857
6280 5736
8723 4491
52 10983
8918 2811
7773 3297
8094 2595
4996 3289
8933 4436
11701 2316
7205 6160
8912 11218
12546 2700
6649 5018
11572 5168
2434 6278
5956 2269
8882 6447
1471 2536
1679 30
449 161
10837 6535
1504 482
6658 3565
805 6264
6345 5938
1816 1909
5697 6458
4292 6197
10687 5369
8102 147
11253 6375
1485 2678
6667 3984
378 4350
785 3397
2242 6511
8963 6554
11651 4045
8822 2446
291 474
2048 2452
6666 6340
10433 4676
5125 2938
9690 8890
900 9585
3644 1650
11849 2336
6442 4465
10721 8117
3532 4573
10459 137
10244 2464
5624 794
7586 1070
11010 4217
4490 1709
9774 4148
7729 5059
4259 4856
7904 972
988 6474
8421 2786
11886 6375
93 4379
9794 3772
7328 4482
2735 8633
4985 5152
6834 5848
8895 4736
3757 1706
2804 5652
1450 4131
9938 6255
3834 6315
12527 8977
2584 9261
8051 6140
1015 6177
9875 2618
11682 6748
6923 10425
7948 4301
8670 570
9580 3681
7969 2974
5406 3980
5437 9951
5369 595
591 1728
11079 2492
2381 4007
3043 779
7839 1523
9463 607
2223 9553
330 6282
5813 538
5132 6224
5570 8548
10918 7897
615 7434
4460 5481
4664 4460
9504 4244
765 7036
9084 4193
8591 2249
8365 6378
11581 9530
5634 5175
3309 2134
7206 6020
8162 4198
744 60
2938 6401
7735 414
1466 6459
618 7315
7334 2670
8352 5477
3529 5895
1410 3430
738 437
10310 5740
9691 1127
8176 1131
9126 4353
3977 7659
2004 5493
4767 1075
11669 5653
2907 7758
1100 6826
12212 1936
3997 1827
10811 5762
2617 2411
11622 5591
1463 5601
5403 5148
6757 3720
7705 618
8375 5412
720 6312
3973 4155
3004 6349
1135 1139
5577 9709
6302 11301
8669 2307
7045 2338
7775 4017
4161 3942
483 1180
6290 3525
2415 336
7220 2753
808 1204
10549 5201
1767 3216
7775 1864
12165 96
5151 3023
12236 2131
3085 467
5478 6873
8900 369
5631 6937
7853 3948
10892 4694
142 1593
7465 4026
7669 2963
3380 5702
149 9792
11880 11310
5966 4067
9962 2624
8491 5712
2320 84
11254 7833
7710 3930
6895 5483
10105 5063
9168 5556
4384 595
6493 4802
8764 8625
4350 2117
2740 5998
7838 9393
2436 10943
9194 4801
8366 1709
8688 6284
10013 10222
7650 4426
3963 5618
5176 3242
3509 2473
298 10862
2835 3959
3490 2784
717 6694
6338 7397
11610 6636
943 1149
5660 1903
6298 9919
4083 2762
10293 7184
3875 5713
10158 6428
6933 1778
11873 1459
8942 4407
2949 5975
9473 5392
2847 4395
1891 4931
8709 4853
5708 8656
3581 1343
818 5000
4625 6328
5979 2332
1930 9448
9732 3833
6001 5863
1682 2352
3270 10315
2830 7434
3353 6207
8216 8072
4893 5400
4040 7362
5933 4511
7995 5116
8438 5812
6756 7256
25 2681
11874 2604
1234 5478
7261 7455
4737 5223
8126 2359
2376 11424
4694 4288
309 5147
9126 1584
7792 3542
6445 1355
5298 8081
2116 5679
8689 2071
206 1707
10920 2063
8048 3985
4627 5477
2266 1750
2094 5722
10160 4072
4928 4892
2984 7806
953 7566
8079 1184
1208 3790
8540 8448
9866 5527
3815 1871
4863 11487
8600 4899
11673 8131
10569 7249
9335 4710
1048 5926
1076 7219
903 6899
1423 3000
3336 8733
9695 3291
1930 9984
5911 3193
9286 4533
3106 5684
3534 3317
12172 5489
1545 6478
8609 7198
5182 3547
5887 962
4413 6019
5050 5152
4454 5556
4161 1669
12384 2304
11033 5147
8006 8323
7990 1359
441 5855
8332 9343
6648 2949
5036 2294
5831 4190
1249 6460
725 8016
12545 2603
4186 3492
4326 1661
6918 2688
8060 2831
8279 8456
6603 4551
999 1134
725 4090
8278 861
1148 1498
10895 8854
4802 5202
914 3537
4014 4944
9790 7121
12456 4655
4825 6996
5695 5698
7510 3482
7009 8262
10602 2115
10648 4528
9021 1446
5850 4404
5794 2688
12332 2234
2349 10598
10566 6490
9358 1181
8804 4240
8182 6412
836 12036
793 7071
8870 4262
11784 6981
9988 4537
4185 5370
9309 4518
4489 6494
5297 7603
10063 4259
12530 1206
6524 9005
519 8355
10546 5286
3594 827
10457 7328
12346 6510
7609 3106
5399 3121
914 5255
4888 3836
193 4294
3100 4034
2924 7179
10181 1475
3329 2853
6410 232
9719 3570
4199 2957
10981 2160
7019 9554
1061 6359
1502 7707
1429 3859
9364 280
4587 8173
10328 5170
1772 5754
10713 7504
7880 3352
10568 2690
4130 5834
5086 7659
7862 7916
12028 6151
10541 4469
1914 2575
8022 4091
9929 7619
502 2123
611 7975
7413 5367
4627 5296
4514 1117
8510 10500
6563 3171
8111 1281
9262 4474
10742 3396
5137 364
8622 3030
11444 5029
1564 6526
10062 7227
12538 2670
6542 4602
11178 5326
5680 3939
7143 8805
10458 1746
11780 1953
10825 2250
11542 6487
2509 4997
1918 4563
3957 818
1294 6102
372 8703
4189 441
5202 761
6178 5255
4427 3617
2985 5322
1894 8421
5459 5395
5174 49
2631 9665
1874 2718
3810 7846
12363 4922
251 2632
5622 4637
11053 1505
6526 5757
5983 2570
8845 9778
8740 5053
1540 7630
9643 6036
2391 4783
2608 382
10841 8749
11117 4018
11028 7257
10887 2143
6040 8855
1864 1678
12049 2364
487 6069
10559 8830
53 4113
6098 6603
10229 5188
8712 4190
3757 2410
1089 1078
6990 3706
7413 1365
8628 3935
12366 4141
10023 4939
8131 2639
2365 3068
991 1933
10981 2778
9648 454
6434 570
10004 6762
9123 5182
12072 4735
2823 4836
6273 1514
3937 5500
2087 5692
6228 1110
1953 4816
11259 5861
10788 4786
6520 315
8081 10707
9686 7916
344 8459
10038 2195
10190 3945
4013 2386
1950 6131
9131 6526
702 5659
8657 2353
9909 8409
11277 9591
10170 1638
9866 9424
11223 2194
9335 28
2044 4502
6491 4669
4844 2223
5623 6456
3805 9125
6349 8412
12463 6631
12259 3866
3443 10209
12169 4004
5346 1913
4253 8493
2141 10021
6765 10141
8299 1614
11537 6532
529 4181
5030 2392
7435 6602
3554 3454
6903 5660
6737 4718
1680 6123
1249 5141
11863 11637
4701 7266
2377 4490
9048 8581
5368 2062
2972 7345
4342 9840
4422 5526
1453 959
8339 3194
496 205
7830 5068
2524 737
8999 2624
8546 6116
8226 936
9679 189
8432 6155
2094 2246
6221 9291
6870 4580
1701 9935
2735 2528
1230 8091
9025 3130
4932 1823
9563 9857
1290 8042
848 4634
10434 5015
1872 8833
6571 2658
5094 4450
2084 3085
1016 2945
11557 3334
4146 6094
1493 6341
446 572
7488 1296
308 3765
9975 4606
7847 1529
10941 6353
10186 7648
2365 7822
5754 6540
6094 292
8201 10395
6654 3952
3374 2270
3899 3504
5947 2198
9137 1663
2746 6703
3553 1777
3969 6866
8739 4089
4654 2613
9847 10315
15 863
7916 4255
5301 3270
4293 3074
1525 4652
10014 860
5296 5056
11645 5046
8406 7755
1244 6301
3205 6878
9647 1887
11009 4569
11206 7151
7698 9995
6884 2462
12028 6971
12221 408
12021 9021
143 5732
8485 9115
6702 7947
7160 2726
1376 372
8731 1904
3787 4614
6949 3774
2103 1626
8091 8166
8729 5900
5744 6722
10421 6273
1450 1512
11741 5929
6944 103
11346 6811
3384 4959
6276 2257
2302 3658
6282 8680
5856 4500
5196 124
1532 8591
7194 9013
4355 5536
5814 2141
6424 3088
7303 2848
9726 5386
1247 1744
4529 2426
11027 1245
2236 3705
6424 6265
1560 4185
9292 5403
8316 3772
2923 5292
10274 4098
5811 5970
6478 4975
2561 4916
3985 1477
5689 6453
7690 1805
3723 5265
7656 6019
2594 594
7554 1379
540 1150
66 6322
4742 3317
4494 205
6472 7048
1739 3167
4042 10070
2166 4187
3294 2528
874 1807
11011 3449
5958 9976
11004 628
8587 4659
10424 48
4612 6398
7669 336
7539 1530
1553 731
7884 4593
7306 5446
5811 1936
12131 4054
9935 7376
2270 4107
5366 6371
6541 1879
3282 4717
7735 2198
6020 8239
10308 4838
6107 2623
11984 250
8651 14
8862 6311
8606 6627
6764 11180
4980 3290
4405 2971
9828 2993
5081 2345
3330 980
11512 62
7574 1808
2290 7571
6146 2097
6020 3348
7947 5118
5380 9026
11812 3421
8291 9513
3988 3115
9832 2326
5123 2592
4552 8488
1051 4272
959 6661
6141 9405
2013 6694
12420 3866
9185 5566
6607 3558
9915 3598
579 6756
9949 6955
3823 4601
5079 6007
7077 2811
1143 5823
8140 578
10823 9043
9168 3223
10879 4085
7489 3092
6047 7832
1282 1618
11278 5061
380 3872
9708 3638
4029 4973
4182 7889
3389 2371
11926 932
4564 71
6815 908
10159 5337
10676 6295
1385 1504
9317 3782
6300 6440
8043 5470
4272 8562
10796 5870
12064 46
7294 5139
10998 1993
9618 6205
7467 5938
3621 8334
316 7380
4883 2281
12274 5971
691 11331
12382 6269
2780 6985
9427 3072
12038 2629
8467 7514
2124 5413
9789 3013
9867 6824
9859 2574
8509 423
10154 7079
3014 6181
82 5514
3743 892
6045 2646
12058 4936
3571 6882
1531 4254
12183 3808
10051 3695
8221 8799
11834 6907
6166 4432
3073 4293
5160 4501
6949 2923
2236 7262
6662 6986
3022 3348
4259 2581
364 9811
10745 11377
1730 9375
10435 2862
2593 5455
2283 4979
10282 7574
5917 5390
10608 8792
9639 3189
7100 6364
1033 570
3566 5104
4552 1233
1499 3733
6165 1718
9413 3867
6511 3829
6772 6684
9038 1683
6690 4346
5016 201
8323 5707
7911 8977
1419 6983
11252 6033
774 2947
2903 2772
7905 2628
2781 8792
11164 6704
6652 3675
1445 3331
6571 1680
3078 6724
866 4993
4402 3607
1854 5112
9645 1726
4963 3052
9505 3265
8365 100
7118 6600
11528 2640
12180 1078
6922 11879
9975 10267
4855 279
8071 4408
11456 2852
6949 7083
8298 1618
2974 1455
1530 2106
6649 2529
10606 5399
1404 6016
5910 1975
994 3765
1074 2094
3551 2290
1425 6274
8022 6448
8093 5248
10911 5948
393 8899
757 4882
10614 5541
4697 6447
3312 6461
7070 6236
6713 7152
2465 6671
8776 5314
10046 2359
8553 953
1857 1900
11816 3629
12078 5288
731 7176
6447 1046
6131 4330
8948 6562
3439 2666
4704 3449
10853 1261
376 7110
11000 4241
5955 286
6137 3054
12360 3111
4825 5661
10229 3799
5438 5623
1566 2699
9886 3829
11763 8573
11542 10819
2322 9774
8752 1169
7101 2578
3801 6121
3946 6443
10535 8909
5 5239
1491 3291
9882 10140
4891 6933
10787 11031
9975 904
6259 6952
11920 4868
7902 4478
8012 4779
5849 11573
7646 8500
2205 7230
7343 7682
5026 9576
308 3610
3856 2382
11924 7466
10999 641
2871 5183
11115 8998
1671 3653
1370 5135
6866 2385
10588 9637
10494 4773
11204 3833
3601 6913
3891 7732
12431 6263
922 4112
2857 7343
4795 4847
10631 4992
1017 3230
3452 2642
12147 4822
8119 10284
11482 3943
9935 5748
5401 1712
9343 1963
11572 239
11262 6483
2567 389
3065 5205
9813 4285
10972 6483
4157 2486
11629 535
1187 1345
12345 3055
4443 5616
8188 1191
7525 1461
5737 5670
8382 6535
3874 2327
6761 7033
10683 3109
12335 2068
10896 5363
2006 5057
2059 6103
106 491
182 630
4661 5958
9181 7377
3433 3323
6660 1291
3882 5507
883 6248
526 3389
7878 3031
9371 1231
8665 1201
8388 4651
3551 5196
6893 5951
8556 3020
7333 451
6691 1681
4218 8027
10717 5966
7506 6668
449 5468
1597 3652
7864 3395
7621 6851
11364 2718
4156 3090
11470 5076
6599 5091
794 3736
7810 5439
11899 6244
4677 6994
4802 3052
9439 3004
6965 3789
5095 523
3583 7659
11843 2559
8009 3375
761 1048
5824 3557
1425 4188
4856 1744
5315 5089
11013 485
10377 9217
8052 1263
7947 8431
483 9230
10383 1610
5746 1840
3702 6805
8571 6050
11026 7686
1229 3696
9564 2450
8639 4434
7854 10902
11570 3753
8318 7876
873 6246
10404 3624
6769 4667
8541 6130
4988 7056
11416 6335
1840 5859
6347 4797
8602 5604
3894 6510
340 4835
8842 6570
6757 10451
10029 8469
10475 5995
11688 8064
4035 1043
8266 4358
10553 5233
10664 3541
8745 3286
2097 5035
6064 1630
6354 3726
1131 4505
1428 7226
109 1676
2118 6429
9607 5133
3798 3824
10541 650
9481 5974
79 7367
381 2724
1898 6092
7866 199
7069 4992
2111 6725
2194 4568
5277 4180
4400 4889
3774 5104
9837 8208
5573 156
9327 6198
6063 1724
4123 3296
7195 6618
4468 5006
11953 7201
10853 1468
2311 2768
11596 3050
10155 582
6957 6231
7471 2122
481 3230
2966 2519
2959 3518
1837 2768
7764 4076
10690 10385
5867 2542
2991 2137
10652 5876
2793 5655
8833 9103
12514 7232
945 3339
6173 5284
5642 1479
10049 5264
3101 4594
6043 9790
8671 9073
12190 3071
11717 11105
6806 7116
9570 3376
5380 5170
7104 7413
7783 4964
8584 3384
12124 382
8307 1731
3768 370
5098 6670
9916 6718
11001 5120
8067 5374
3248 3605
892 6335
9429 2792
11580 2788
10069 4617
3015 10439
8986 4336
3023 10446
5273 6301
4958 9988
4923 6385
11564 3922
430 5140
3091 6446
258 6684
6323 4955
1024 8082
3399 7349
10045 856
5463 2168
9088 1818
6658 2308
1076 1870
6547 6787
9074 8496
5266 4171
6628 4239
11787 5021
11988 2266
5668 947
3961 4643
4766 4548
3840 7055
10165 5439
3982 5857
4211 2336
3515 2193
5937 5880
3295 6339
6495 6458
1880 2724
3330 6556
5646 6990
3815 6455
5004 4197
10883 8332
6361 7469
1915 10483
1246 4748
7844 689
3875 2355
942 2599
7427 3301
10908 9142
369 9956
5802 1490
7722 394
10210 4060
7669 4582
5271 2163
8126 1774
4683 6269
3514 2963
8622 1811
8946 4150
8835 6412
7319 6963
6185 3453
4126 7423
6994 6066
10808 1261
9760 3682
1987 2140
9508 5817
4256 8654
8818 5692
313 970
6399 3790
1430 166
11091 6248
5456 6634
3507 2054
8322 4875
2956 2253
10966 7021
12569 5354
7824 10644
8950 3691
1751 2840
12056 4171
7712 3706
10757 8592
9345 1593
2897 1091
2617 3804
2378 4551
9843 4925
7265 10391
12374 3380
10242 6627
3111 3459
12123 6263
11184 5386
3863 7123
1988 6240
2321 6637
2409 7190
1251 6619
11780 7430
12390 2486
4157 4517
5832 12375
1934 3962
8070 2181
697 3293
6626 8293
2599 7173
9174 7513
5056 4482
8559 7316
10459 7370
1262 3544
10583 10951
11689 2061
1714 6892
12066 716
1945 10653
1204 3433
11458 4671
4273 2601
1448 4687
448 2750
2845 8996
3107 737
12056 5161
3488 2405
12030 1224
2585 1014
2559 1109
1952 2228
4284 7002
9694 6708
3805 4690
2633 7421
7581 1386
4587 6129
4692 6006
8209 3547
7199 1907
5520 661
3062 947
7818 5881
169 1254
12413 1228
4912 5847
2084 1211
5684 1786
2274 7465
7167 5503
7130 8613
4993 5369
2647 2383
1918 4486
11479 5261
568 4947
11280 7669
12085 1929
5745 1046
3219 1147
11869 1348
11262 1930
10310 7044
1214 9258
9069 3130
9852 2654
11727 522
12221 2373
7968 5899
6012 3404
10970 6358
7783 3916
8919 405
6835 7007
3938 4821
8340 7440
1987 3434
7161 4658
2563 4536
7468 135
6139 7186
2558 1837
3253 1198
1449 8849
10668 5023
11781 7522
11018 3928
8767 5515
5549 5614
8672 6874
114 8902
3099 4012
7276 4889
11206 2067
10127 7383
4333 10277
5850 4994
5348 6784
1503 5329
4889 1243
2073 6595
1891 6485
6081 9806
5447 1861
2014 8764
5997 5743
11879 4257
7804 2038
8044 7928
8050 5669
12294 2468
5062 3313
11147 4394
3310 4073
10466 1672
2164 6695
11719 946
5398 4047
6021 4367
511 1269
1175 2326
3157 3984
11673 811
5828 6881
3781 7897
10378 6148
3803 1508
10786 7480
10871 2711
8988 73
740 8401
10241 4961
10656 5531
1447 4178
9139 8827
2574 4153
148 9550
8274 7096
4772 7535
1954 5691
5667 10038
7120 7166
6384 2800
8733 1469
396 7617
11541 3496
7781 802
10961 461
5379 6812
5438 6838
9698 112
1244 3058
2704 7218
2498 104
12316 2465
11150 5710
8803 3600
377 6291
7741 833
6919 3959
12403 529
2180 7617
11045 7647
9146 5574
2605 7552
9726 3563
275 8409
4547 1616
4063 4708
2236 6981
11423 1584
2938 1539
7320 6674
4424 7705
11926 4504
10966 2754
2671 2796
4621 7961
8951 5764
9824 10014
2440 9444
11137 4207
7155 5886
3817 58
8151 6166
7734 854
11334 11006
7307 497
5117 6952
489 7667
9791 11703
1956 7323
11362 4117
6571 4681
5008 4069
9609 7382
5446 5069
4784 7285
10936 2937
8375 4433
961 5807
7443 9461
4840 1107
5495 8795
12564 2262
9201 2015
8237 6814
1338 7966
9712 3285
2906 8172
5941 3365
7924 7448
9300 608
11384 3993
8330 3809
8264 10745
2885 6765
8047 8541
1695 3049
10653 164
3229 3924
9535 927
5195 4119
2617 8945
4538 8564
10133 915
11806 7684
11931 5549
8043 3976
10282 4359
8566 2232
754 6574
8903 6035
8625 393
1144 7743
1544 6483
6559 8420
3139 9460
7676 6752
12144 621
11729 6958
1684 6228
12145 3961
11179 1752
9537 2275
686 2217
10976 5146
5399 1672
12296 4746
6652 6454
1568 6478
474 7117
7172 868
9367 8047
4013 8670
12131 1688
5508 6012
324 911
409 2965
11217 314
1185 5145
5571 6662
164 7626
12207 4774
3114 7902
11657 3342
7470 7228
676 176
10978 574
3348 4115
4412 1756
4717 1589
8320 3994
5293 6964
10525 1898
9871 2029
1431 8130
8842 2983
1470 6766
11963 1234
2156 4236
2905 2396
6533 951
9765 5872
10738 7363
1983 2522
7194 5299
2230 259
1046 1723
6064 8057
6797 601
2396 2334
8552 3480
8590 9488
2545 4494
3024 5220
5846 10556
1926 7636
1743 1520
3592 9890
1102 6531
4887 7988
10318 4219
4816 3483
2878 256
5447 8131
708 2258
9923 8218
9420 2107
9256 3212
2679 986
5064 9657
10714 9650
4802 5568
1362 2037
1129 8088
9491 4202
1041 4008
9380 3456
12232 827
4081 5358
10692 793
10712 3104
7162 45
8463 6170
6270 6537
2726 6110
6071 8121
10416 5824
11539 1306
1962 6892
608 5739
1063 7715
1802 3998
6020 1071
6962 958
4459 5446
10501 7890
893 3235
11 10001
1544 1645
6758 7475
7836 1788
11035 5108
10896 797
3002 12039
5479 8615
6380 1994
4570 6690
12485 615
1538 3714
2846 7812
3128 3164
285 1814
3631 5214
11121 2723
8000 1473
4170 2669
4160 1786
6906 1190
3681 4263
1494 3012
8404 4
8275 1357
10068 10157
3281 1045
9142 8257
9736 9177
10184 5019
4833 8072
9256 6214
5012 7223
6360 4673
4129 6924
10202 6334
9561 3582
2373 2468
608 1633
9528 7995
11144 2570
2784 414
5517 2940
7941 3581
8400 8211
9559 2533
1021 5895
3420 6115
3284 10480
4386 5849
7892 8854
7997 2265
9662 4226
2149 3844
6187 7584
8752 5175
3366 290
8666 973
11991 8278
11387 8911
5769 5822
3989 5684
845 2447
8536 1053
5305 5032
5147 7759
7352 1505
428 8230
11441 4633
4986 7004
5138 4251
3268 4050
12125 6767
9341 1642
998 8819
910 8259
4901 6611
9978 1494
6574 3248
6783 7356
7873 6060
4822 1113
11119 2516
4281 3398
6550 11157
9189 4502
7946 5800
2853 7120
5094 4185
9026 6185
4340 4849
1079 3381
10653 5000
5940 10318
9945 8931
10320 7903
1614 5765
12521 6150
10844 8308
10372 2276
10654 1709
942 4362
6183 8037
7581 3196
2093 2876
6127 6505
7977 980
1620 6129
10043 4017
4003 922
10236 7532
242 6054
5280 8202
9969 6591
9210 8148
7807 2729
3176 6687
8349 2351
4107 3962
702 5025
9629 7098
2728 2552
8908 863
10545 6691
3484 4152
11595 5738
11418 10749
12463 9884
9932 7112
5691 7298
2302 9126
466 8212
12066 6668
10840 5805
4950 7431
9257 3996
5082 8731
4460 7698
7566 3472
9548 2379
6722 4430
4115 6154
7664 6787
3912 7080
7016 801
349 7360
10570 7777
3235 8161
7533 4656
1809 3786
7904 7437
2508 8
880 5956
11175 3921
2756 2834
8289 403
10480 8283
10274 3128
9694 9664
7450 4221
6936 5052
5767 7539
12046 4024
5798 5447
8436 20
2768 7539
1408 8897
9826 5947
6125 3112
1882 1208
3347 4287
10319 2674
7761 7897
12071 3930
2336 3086
577 3007
2983 299
510 5413
8310 612
12472 3694
9934 7328
3638 8244
4908 3309
3301 6354
10495 792
10833 3720
5107 356
2653 3941
9028 8025
9974 7204
9347 2650
11282 907
3786 5906
3852 4334
7856 4179
10285 2954
11831 514
4790 4659
7277 1874
266 976
1412 1854
11284 8349
1041 5329
10970 1729
12048 6865
9369 8324
5787 6358
2153 5832
12119 1822
508 2418
1537 7382
7606 2040
2899 2723
1219 2335
2859 1381
7007 5497
9259 1251
6333 4886
6899 4203
6268 5035
8136 1007
7723 1260
11946 7238
9721 8498
5565 6045
9471 3800
11029 2480
1643 4433
1149 2362
3786 6035
1759 8809
1252 5389
7663 1080
7417 3903
807 1740
7180 7464
2900 7054
6135 4951
2983 7335
4657 8441
7144 7143
1138 4658
925 10642
4552 9952
7796 8341
3647 804
4476 10189
3227 4764
3986 5164
6183 2289
1331 7345
9567 4986
2821 9311
10113 1591
2995 8542
8686 6943
7632 2428
6 45
7613 3114
1092 585
4720 7135
4527 10723
1727 1514
6109 3879
2815 618
12232 5898
6263 3499
40 256
10205 8257
747 6804
108 3993
8346 9483
4841 1552
10964 2579
9958 1005
661 7939
2768 3462
5762 591
8774 2442
8750 1280
10998 1278
6263 8520
9973 3309
12295 6553
10650 4454
1350 6909
2386 4157
6122 6350
9889 6878
4794 7789
3839 7258
4041 3243
4401 4904
11833 2026
12590 4434
2222 8280
1063 4001
9447 1834
9758 3534
6945 7569
336 7254
10222 3774
9667 7601
2955 8199
2996 3422
10326 3014
7756 4409
11017 7865
11743 7537
7507 8132
9181 9316
561 1883
5751 6570
793 7488
4336 4858
916 7225
11888 7243
2007 4220
1615 8351
3663 7582
11746 8233
9051 7991
7711 8346
3383 8464
7273 8092
6175 254
10880 8377
2676 4404
3532 5324
1672 4592
8832 1799
3247 5977
10248 3347
3525 8368
4698 4887
5845 1844
10329 7721
12401 2849
10784 6441
4695 8007
2651 6719
2128 3536
7592 6879
5605 8283
7483 2757
11316 3221
8987 495
396 8529
9609 1622
7081 8892
5419 6745
5926 10025
10476 7911
11455 1275
1196 121
5788 4382
7154 7422
5013 6126
8731 3709
10817 4529
1180 8353
928 1121
9443 705
4442 2688
7481 1485
2666 565
3153 845
6864 7762
9800 8504
628 4426
6312 7735
3748 6811
4307 2035
1880 1542
3014 7507
6221 412
9080 8342
103 3301
10374 4887
7908 8223
7238 2556
873 935
7570 1573
10317 4578
609 2050
9143 8417
444 5080
6458 7520
6720 6724
11233 7848
9637 8670
1478 6469
9076 943
10337 1087
5909 4818
9250 8314
7320 7289
4770 2246
7721 2162
11463 1777
3938 1368
518 8289
12191 901
706 7873
4646 1001
7305 9087
3493 8722
12106 8548
3569 5472
5121 5937
4929 386
3640 11669
4049 8376
10290 8352
8364 5230
10079 6973
1952 2686
6415 8148
4495 3870
1817 7417
11482 3609
10217 8436
3762 2206
8891 6865
1237 1260
4092 8548
1769 2200
6124 9354
296 2285
5889 275
4052 6348
12424 7014
6622 208
4977 3227
630 543
11591 5797
5405 8542
1842 3112
3097 2098
10002 8054
4828 7454
9552 8690
11647 2866
5053 5460
9556 6367
1262 2951
4980 1134
4268 7007
6780 4524
4469 4109
8225 5931
2009 5560
10979 3619
8074 5174
6565 8250
5046 15
10962 5963
11420 2490
1759 2805
10119 9579
2713 3998
9038 6859
163 2880
4763 8392
8802 8169
5405 8224
8974 3579
9359 5839
1809 8023
9138 5130
11846 5099
6909 4620
11523 7835
5388 6073
10746 4881
12361 7634
4079 5518
4149 7214
8093 7254
1065 25
3690 1482
5011 3450
1776 1861
2808 8772
8647 6862
5725 189
6051 1532
11811 8451
311 7062
8477 8287
1761 5559
6640 7889
9427 7089
10824 82
4313 8267
1471 572
1950 8240
3143 7368
5514 365
10765 7577
11066 1505
8388 7207
3156 2210
1172 5526
10091 10328
3755 8389
6650 10343
8483 7008
1080 5797
2211 749
8796 3482
5722 6390
10790 5805
8674 4386
6267 8769
5813 5152
12263 7464
10145 4640
7516 4132
3289 6644
4319 6296
1970 8567
2844 8304
5849 353
5902 9132
11146 2781
4959 555
837 1260
7702 7711
5635 7236
12269 7452
5228 7966
4227 1969
7252 3546
7080 10189
3013 1757
11655 2073
11954 479
1743 1155
10928 1512
6446 8161
861 3943
8496 3646
3014 514
11697 7612
9283 4642
169 5725
6329 2509
11817 2110
1699 627
8666 11621
358 7793
2548 8787
1421 8739
7108 1664
8372 1160
9960 8475
4373 8159
3820 1330
11936 813
8621 7797
8550 1920
1760 4529
11994 1004
10575 2606
6562 2914
2272 6724
4347 5466
333 3297
8638 8590
3902 8936
1448 7683
5186 7823
1585 3815
2994 5317
4646 6971
5661 7813
5216 2550
1019 1140
8721 1935
9076 7552
12136 419
10334 422
980 1354
10326 4242
8921 789
3130 1803
4654 8947
5396 8018
173 2133
10899 452
5665 2457
4261 906
6802 7979
8156 4414
2997 6423
3560 5486
1459 1343
4386 3291
10344 5454
6741 5323
9611 579
2465 2790
10638 8364
2989 8787
12391 6272
1504 471
3661 7506
8464 3576
5499 5259
7847 814
121 2988
5110 3052
5831 1378
11391 1192
1414 8104
8113 473
11241 2875
3250 989
652 970
7376 9093
10392 70
1293 3349
7931 5224
5332 2570
3070 3489
5915 7342
12053 4139
8914 8507
5235 366
12139 4325
6377 3791
6653 3277
8476 3216
8265 4342
6811 3476
11707 2173
8791 9124
7257 311
326 4095
9708 3405
936 2319
11789 1672
1283 975
12479 3565
6907 2548
8568 1020
2479 1496
6529 5611
1976 8699
8469 6510
11957 6561
7814 9123
4082 7628
3630 8169
1677 1861
11648 1739
11348 8940
7767 345
9761 8023
12437 766
4869 2624
1570 3315
9839 10273
5390 8979
2819 824
10142 10464
11111 3552
6869 693
4000 569
7542 7575
5288 2589
9222 5080
8900 1389
7473 22
4177 8461
337 6495
12051 5711
2562 3124
331 8499
11538 8862
11229 3217
2124 8488
7290 8400
656 7017
5168 6989
6216 4869
11941 6491
7145 887
11105 3835
6670 4026
12319 569
1961 464
1814 9559
6939 8383
953 6822
9666 1547
10555 6569
12110 3425
516 2716
2583 8054
9022 4859
255 213
5066 922
1904 3920
2503 7360
2692 2161
10907 269
7523 9184
8578 6333
9994 396
2025 7477
145 7364
11951 6556
740 4531
3673 7746
5587 9206
1794 5419
706 9154
8325 2366
11772 6087
12381 2234
4407 431
6177 8855
10813 8966
3043 434
8993 3345
10399 2618
8674 9161
8805 493
1598 3485
5028 9187
10253 4146
2450 7912
661 6330
11567 8379
7290 9314
3979 11069
5721 2724
5251 7097
8672 7556
3232 2343
7722 7869
2254 3118
7277 3809
7559 5050
8108 3170
4463 8111
7468 6775
11849 3017
127 8400
1525 8322
11999 1830
8285 6369
6196 9305
9030 3966
8574 4278
2092 8992
5836 4880
10404 492
4359 7402
6138 4227
1206 7489
108 5654
1545 2734
6853 4614
12470 9506
8531 7633
6902 8794
2504 6787
9261 8773
10521 3010
6597 1308
11928 7554
1749 1554
4748 8042
801 9097
11545 9279
7421 7885
3628 1702
354 2960
8053 1338
486 4184
165 11488
12396 6234
3537 1446
5395 583
8361 3513
8792 3713
1558 1035
2359 9305
7965 8838
6938 9332
4430 8376
10907 9854
9549 1951
1461 7658
9389 7112
3808 6198
3 383
9654 3592
9794 1065
5785 8308
1912 3060
6591 6218
10754 4976
1244 9265
1824 2447
7873 7919
4717 3217
7461 9414
3969 153
9576 2370
5677 6553
31 5767
10118 4960
2166 6315
5190 5255
9534 9087
6893 9180
12513 2368
10650 8880
6144 6841
10676 194
60 3164
5399 3264
970 8753
3792 5970
11248 1096
3749 7473
11283 3355
11615 9275
4362 8191
6160 1834
10084 2271
9405 698
10179 7806
6200 8380
8092 2246
5390 601
7403 9161
6641 9178
5990 1723
7958 2548
7889 3476
6754 8329
6399 10843
11365 8086
12023 3243
8702 5245
10249 3719
7594 9130
11337 2058
8182 727
1548 9396
1852 7452
7810 3593
10094 7317
6709 4213
9999 9258
10766 9058
12476 334
3547 9468
827 8611
8648 5393
6290 3265
11448 618
12091 5301
8402 7663
9832 9158
7023 1621
11248 7094
10415 2253
2506 9389
3544 721
6878 7579
11955 9334
12384 3443
11279 8989
9398 9206
10560 7815
4561 4848
7255 6506
6483 8836
630 1348
9933 8013
10200 3394
8479 4838
6717 6776
4509 9136
4929 8967
12197 9476
3623 9043
9664 1856
7992 5976
1672 3277
4980 2591
1282 1893
4001 7768
8566 8875
5437 2118
3374 9336
12368 7745
5880 3018
4521 9027
10210 8338
9892 5533
8507 7939
10813 1429
1266 3538
4274 5094
11552 3674
6711 8626
2962 1952
3601 9317
10810 910
3176 4500
5925 2108
4167 8922
5408 789
4779 9153
863 9204
8455 9519
304 6540
1663 1865
7484 9527
5157 1800
4956 4092
11599 9294
6250 9200
10988 6098
9093 3604
8453 8703
10502 924
5407 121
9153 2148
9726 3524
53 9695
3375 985
3448 8396
24 4256
927 5775
9851 3489
3467 3825
4999 9711
492 7360
5981 4905
10393 6340
1694 8438
8548 625
10891 3418
7507 7711
10486 250
9002 9611
3789 2391
3481 737
4243 7768
9807 4038
10847 3591
9758 6972
2480 6729
3512 6527
6757 7440
3337 2810
12072 3423
10870 3203
11497 4702
12391 3843
3325 10200
8411 5698
11301 7101
10344 2642
566 2421
49 986
3979 10539
9026 5050
8349 8130
365 2912
8356 5021
4955 9788
7010 9639
2299 7313
1226 366
12507 630
819 8553
5364 9135
983 8704
10982 3348
5343 4450
8648 9233
1658 3341
12040 5655
2339 3059
7531 9606
410 7342
9979 8762
7149 9143
1871 3160
3098 9617
12159 9421
9922 9550
5190 9102
1648 2752
12265 6997
1588 197
9867 143
5407 8251
4491 8587
10105 8843
1213 9160
6679 2347
5357 591
11688 8249
8112 2793
3077 6882
389 3882
1186 1540
1076 1767
3043 7854
2932 3725
7415 5606
9232 6868
12049 1591
11648 9265
4958 5820
1458 5751
4010 2815
11823 537
7571 8819
11310 4826
10792 9200
2492 9612
10189 9003
2666 2571
2026 4030
9183 2405
4161 2376
703 285
9621 6115
10498 12128
11133 9489
10631 9531
11432 8866
10531 409
4886 7622
771 3612
665 7625
1102 5958
8781 6152
10101 9443
6715 2226
210 2814
5050 4672
12212 9701
6413 9695
10339 9543
3162 4867
1199 599
2754 2750
1290 3780
5566 9127
3505 505
11670 4542
5538 2401
12301 7507
747 2750
10580 432
6249 2980
6216 3068
3624 8523
11698 4737
11031 9620
3068 9779
2010 2291
2771 1811
12475 9634
965 10920
2217 9641
2121 457
9959 6170
9346 9204
5539 1408
6255 4934
433 5092
3847 6885
3938 5572
9626 2954
11471 1697
8949 805
1133 4976
3477 8252
4245 7922
6782 1752
7837 8671
4413 9790
11145 1929
757 121
4099 9010
2613 350
7050 4140
1269 7928
5785 8288
3472 3827
10409 1148
1628 8547
7185 6990
10475 3295
2447 7176
2675 8017
5506 53
5909 8939
1318 9445
2912 3976
3259 8554
10350 7067
5519 8325
5899 9789
812 7852
4554 9568
1212 5039
8221 8640
12267 6105
7907 9869
5886 712
7509 8734
325 7266
1035 5211
10489 1902
9991 935
1941 3198
10749 4616
3169 8650
4297 3466
4675 8894
1628 8804
11827 9825
4477 5014
2468 125
12287 9175
7035 5764
10382 8626
644 7996
3897 7926
2026 9457
6791 9773
2788 2353
3116 1863
519 1523
1614 4360
4856 8983
12366 7374
6894 7980
4497 8063
4588 8420
4381 8080
4413 9944
9594 258
4729 6233
3893 3922
8837 1883
7758 8994
11056 1869
12110 4078
10215 2417
4718 9926
10536 8561
7812 7704
542 8576
9576 8058
1791 9698
6349 9795
2828 2506
6964 1785
4271 2197
9089 8386
3970 8367
11064 180
2297 6564
5069 9411
3850 8134
2388 8317
4498 976
4569 8563
10301 7557
3232 929
11618 8778
5108 3565
5847 9090
2752 7171
11184 3665
4618 2215
1212 6771
10353 9505
1596 700
8125 1159
7982 8953
3766 9592
4292 1723
7151 7866
12413 13
5455 10915
11617 890
1733 9548
8608 1660
9888 9292
9928 9628
1322 2104
12586 9872
1763 6908
8469 6442
7554 8985
3448 5396
7531 4574
4000 9800
409 9360
7982 3289
11983 1432
6987 5854
7429 2867
8096 9822
93 1170
5484 9858
5618 9593
6838 8225
10856 213
3108 188
7640 3823
150 2821
10707 8300
4574 2553
9034 4128
6676 2740
6602 9609
2061 3156
10888 7032
2142 2240
3135 7758
6725 1880
3636 8585
10960 7328
3813 2475
6067 10005
1357 8965
4295 9657
4200 1756
9940 4220
4289 7996
324 9795
5050 3569
12143 5345
2957 7405
2977 49
1423 9347
1227 651
3032 2920
3361 10692
10367 8176
5816 5648
1112 9021
8990 10019
8943 7554
9047 8946
815 6968
3289 3014
3651 242
931 709
9709 9732
5186 8068
12208 1803
6393 9231
8150 9464
1158 9423
9112 10210
2272 9417
10384 9584
5317 9448
10954 258
492 5168
2703 3592
7464 3353
10679 4186
7774 7237
5659 8543
7165 4839
4317 8537
7037 7945
11999 2507
11779 461
1494 8623
705 2395
7626 2421
6977 1085
12336 192
8372 4180
5743 8992
4075 8566
2835 607
12587 8298
544 301
3517 4502
10096 4029
5199 6573
3754 6177
8750 3954
5229 9619
517 3626
8650 6345
8180 9274
12011 9965
1028 361
3489 1295
7734 505
11161 5696
4624 5329
11000 4889
8952 4499
2674 985
10510 6400
4559 7766
10047 7434
7110 9074
8066 254
1072 9214
864 11310
2060 8789
11222 9985
7111 9675
11636 9928
4576 9538
4818 4307
10061 7795
870 2954
6706 9245
501 3596
8529 9000
11031 3427
11143 10178
7405 11511
2157 1562
7231 1575
4734 10087
2505 6051
2333 9920
7172 1155
5334 8787
1966 7359
10483 8068
5648 3529
4982 3743
4475 7897
8617 1535
3075 2011
11964 9923
505 9423
11361 4598
10775 9933
5160 1021
10784 146
878 4041
3710 1675
8526 10209
1468 6814
11276 11347
7408 8821
11617 2901
12216 1611
6519 9016
6904 10136
6801 8890
10895 9454
6466 8902
11824 205
8279 4005
7856 9360
1479 10095
8128 10885
2324 1874
10364 3867
4108 1309
8919 55
8597 9526
4665 505
7678 7176
19 9041
8538 7136
8899 5474
9034 5262
1641 9661
8376 5030
3560 8008
11877 10035
8291 8001
10724 10145
1651 1353
2774 9479
7204 7032
8717 8042
4769 2309
8751 8273
8898 7103
2296 2134
2476 7857
2731 7369
8361 8358
5416 10251
109 2406
5251 8723
5731 8744
5254 9066
10266 9973
5106 9436
2845 6407
6100 1628
5408 8888
4881 10016
592 1593
2322 8617
7887 760
8265 9350
7365 10126
12500 9910
7731 3140
3304 3862
3303 7706
4833 10182
5389 9773
12341 9563
9861 6899
7664 9259
8794 1923
9965 10314
5543 10216
9049 2804
2444 10052
9145 151
7725 10061
621 9045
5917 3174
6071 10274
7868 2759
2614 2026
5355 2210
10587 4559
2155 9377
7868 8323
2527 784
7015 10079
7701 9972
9728 5843
7067 10559
2452 10156
1108 10194
4035 5226
11731 912
3165 9897
7689 1798
10616 9975
2626 8221
3347 10169
1537 204
284 9605
10245 1130
2101 1476
6904 10063
2663 9155
10806 9382
7591 10149
12344 9856
2896 7640
7536 10003
7449 2675
944 326
7158 10221
1908 1160
2062 10243
1096 4647
8808 1942
614 1620
9000 8664
2775 239
5644 8884
6418 10303
9020 4849
10342 3624
9635 1799
6747 9272
1506 10380
7387 10096
3033 1615
490 6830
7173 5381
9007 414
3086 9593
6474 8628
3752 2870
8948 6597
4510 143
11331 480
8966 5267
1590 9254
7383 9125
6212 8659
1128 5245
6270 9670
3869 1171
1185 6343
11713 4249
8971 10421
283 4032
10945 9505
4809 9443
316 3611
9206 9164
7562 9363
2197 7564
4529 10282
5629 385
2957 3356
10168 1990
5457 8812
2499 9640
11542 1461
3895 2986
2459 2023
3110 5425
8718 10441
12079 9308
10591 8056
1027 7321
921 7832
12124 4019
5679 4687
1023 10362
1463 633
6554 10006
331 484
5714 109
7795 1490
9765 3468
5881 4342
5485 10371
10043 8450
7018 9332
7384 10381
10586 9104
1243 3162
692 10172
11842 2731
6797 10174
940 2933
1992 7470
12333 9737
12486 153
10988 7835
5896 6780
2078 2871
1919 6957
11007 10321
4682 9862
1116 10242
2029 5302
6888 2866
2776 1807
880 11620
5408 9815
10204 7092
1809 9628
9093 518
10686 7611
10941 10114
1351 8639
11004 629
3175 353
2491 4367
12035 9915
7758 2706
6516 9124
2039 192
4640 9514
5376 8443
10906 864
4075 8374
392 9527
5331 4269
8781 10158
166 9188
11866 8082
332 10139
2521 8178
6916 6865
2905 9969
987 9487
10217 10059
12333 4195
6791 2227
134 2349
1764 10383
6785 8867
7714 8400
7127 9970
5250 1184
9602 9115
1828 7736
3308 1493
11696 9941
7577 2615
3452 8368
2130 6858
11429 9597
7066 10100
54 1558
12511 4284
3105 3287
3887 1948
4764 10471
3317 6806
5758 10068
12477 766
9987 8870
5252 9961
7148 6473
10707 9292
3231 10580
3237 8637
5748 7379
9982 9504
8610 8366
2447 8687
6760 6635
8480 5227
2747 1417
11058 9754
10312 3505
4280 1152
1796 746
10000 5682
10797 8885
5098 1557
1365 9660
1323 7571
6941 4741
5331 1097
8678 192
6282 10633
9341 226
6372 1494
11390 8864
12354 7540
346 2524
12081 5799
6159 10340
1998 9885
837 4967
9705 8663
8663 2928
6608 9948
895 9924
12217 10726
9700 9482
3124 9654
317 10373
12287 10635
11076 1414
5128 10547
7135 10187
177 9970
7419 10311
1862 10421
5511 11464
12093 7280
12327 10555
5553 10426
2482 436
11136 3612
11314 5681
4355 10311
3025 8551
1400 10542
5432 2767
11853 10509
8078 1155
7044 10503
5010 10205
6277 3773
11689 4904
4012 633
4169 1273
5300 4029
9791 2289
10888 8891
5402 1048
1154 8908
4888 8411
9090 6821
2172 3346
9344 2795
2306 10561
6903 8205
2477 10553
1298 1142
10110 3745
3211 6170
3670 4663
5749 10577
8474 9881
8868 10130
4313 7924
8705 6974
12352 10206
10875 8760
9855 9008
10625 9917
10183 8853
11718 10361
1452 4746
1705 5584
5941 9739
2729 10318
1519 4546
9442 1453
10127 6903
4058 10282
8172 8999
10056 9483
7821 10327
1840 10102
9329 7873
3235 8168
10210 71
12452 4037
12574 2023
8048 1778
9243 10673
5395 1491
11272 10391
4987 1912
5976 10373
7776 7766
4780 353
7756 1196
6474 8689
7669 2467
10193 6445
12244 7404
8234 10096
9724 998
6560 10205
5951 559
2129 2852
3740 4831
1345 5151
9884 6905
10202 8554
8846 509
4544 10315
830 10159
7496 10015
11117 10537
3142 3309
3568 3946
11126 10575
7192 1015
8164 5722
5906 10794
12008 8274
6243 8642
305 2811
3668 2273
10656 9050
5366 9126
4884 10173
11339 7739
10565 4059
12533 9646
8421 829
8386 7975
3223 9136
4036 5441
2513 4912
7272 4306
11365 1473
3913 9980
11545 10792
1240 6592
3605 8810
9869 4702
3844 2543
10142 9943
10228 1755
2376 8168
2529 2019
8651 8130
6623 50
6056 9305
1442 10719
10986 8697
2889 8103
9013 2164
2514 8598
3842 736
5825 10136
9110 8426
6850 10649
11633 150
889 9683
9971 10489
11237 10399
5765 10565
6123 9972
5231 3862
9689 9208
2806 3717
2579 2262
966 10131
3250 1033
7849 7143
421 10630
11058 10534
4947 10552
7113 9954
11197 1903
7293 9446
1730 6011
7865 10381
11975 10094
10196 10361
11958 10139
624 9021
762 1420
5189 10746
6653 2538
7845 440
114 7170
9815 8854
7270 9817
3493 2843
11027 10900
2548 2730
12203 10587
7683 9895
12488 9861
11102 10541
1 8116
7749 1664
10844 3457
11228 10527
8866 9270
8222 9672
6010 4311
3481 7792
12317 1680
8144 10140
10366 9975
6604 10560
3020 9554
8684 7520
4319 3351
11819 10782
9231 1585
8643 1098
1436 1439
4730 2920
10146 918
7392 27
160 10049
10270 9672
2025 9492
10700 10964
10047 5302
9667 35
4618 7037
11787 10482
1694 10008
2370 9905
10965 10036
10225 3871
465 984
11099 9661
7177 9171
1212 4719
2144 5788
6505 135
9853 10719
696 3005
5170 10226
4844 1397
10477 10448
6626 10567
5993 10505
5443 6107
5524 10275
10781 10779
7147 10983
1685 6103
4933 2353
11091 10326
5958 1933
11490 2106
8593 10877
2498 830
11164 10660
5297 8084
1472 10503
4817 9993
3984 1645
846 10892
6453 10837
12207 10710
7789 9862
5919 5739
10082 1598
5018 800
1049 2645
5350 10752
5081 2502
3954 1518
8088 10566
11839 4747
1952 1942
4836 10077
5429 10430
3270 10831
3223 1542
12355 8597
362 543
422 3858
11949 8260
2771 8895
5806 9772
7333 4824
7819 2447
7388 1953
3763 11631
2683 199
10205 2143
1490 10224
10204 8602
8990 3590
9945 410
4029 5934
9338 10853
3317 10944
4933 10381
4338 9745
4143 11076
6453 9381
9094 2424
5893 476
11431 8828
4921 8638
7132 11017
2192 7877
3484 10044
808 9240
3374 9460
12173 9082
2996 7350
2229 10609
6387 10325
9626 10959
11867 9157
4838 10771
7871 11063
5294 1375
8149 956
8274 7943
5990 8809
7862 9801
3608 10059
5066 2402
2815 9272
938 2163
11014 2950
534 3500
8548 7198
10630 6418
10447 9540
9788 768
8771 598
12294 2083
4794 1925
6144 10786
3572 1456
4885 10463
11089 11046
8768 10479
7764 10740
10468 8189
7763 10990
3951 3932
1847 10622
2077 9578
10774 5053
4175 9951
12466 7430
5130 8011
7155 1923
1906 10182
3587 2097
1715 10635
3575 11188
6520 10004
5436 10575
8041 5595
3193 297
6184 10989
605 9158
6056 10731
6404 775
7530 9372
3597 10696
9940 322
11476 10184
5765 7800
9660 11055
10257 10997
8098 11084
3702 2987
5810 9441
12281 11226
1834 7732
2518 9938
4256 11200
2216 11101
6718 10828
7555 10769
8382 10570
456 10824
2257 11042
6685 10360
2267 3775
3707 7251
12434 11027
5147 1006
2735 8730
9503 10430
7272 10637
5708 2999
7861 10830
9650 9346
10689 10831
2006 11198
8666 10708
7896 3304
5425 4269
4418 11168
5117 5482
2603 1122
5345 10302
2209 9004
5210 9542
12357 11001
3104 10866
2115 9975
6977 9666
2798 11102
2771 937
1343 10662
791 8793
3092 4628
2828 1741
9038 10472
8017 9950
3556 2884
10916 10699
8463 1216
5440 2641
11387 9830
9154 10471
11278 857
6881 557
1870 11173
5242 10842
12344 10163
8262 2869
9365 11074
6959 9055
3976 3473
11700 11131
5021 2665
2980 11271
6889 5551
482 11202
5888 9116
8617 1122
1940 3882
1031 10524
6271 10953
10211 6855
7272 11103
8055 10597
12127 11033
1255 9241
6751 8428
7749 10912
1938 10704
8468 1275
3348 286
992 402
270 978
977 9966
9483 1100
9516 5240
2693 10798
201 1156
9792 11237
8685 11282
7161 9458
11563 6207
6356 10821
1195 7052
4183 552
8061 10938
5201 11064
4915 10244
9723 192
752 11289
4608 10275
3535 3604
8711 3658
797 9983
4742 9272
7828 4998
6208 410
5043 9556
7359 10307
9321 7973
9785 9224
10701 11087
285 10571
3355 10466
9944 1617
9162 7559
12530 10114
4554 675
12217 11168
204 10549
12572 10813
394 11153
5320 11190
10146 11314
7962 5887
11711 1876
4349 2244
8481 11218
5111 9960
2951 9712
7687 3046
4348 11156
3641 2432
513 11039
2901 11168
11975 10889
3640 1625
2978 906
8693 11522
924 5501
10517 10653
8033 10533
6468 9698
10107 10960
7562 7037
9217 8354
4323 9794
12305 11389
1433 9824
12011 11013
9898 3511
9028 9017
9275 8771
7514 3933
5025 781
1858 11038
9107 2155
1039 966
51 9559
2648 11344
3523 1042
5464 10970
8219 8096
4358 388
9759 11106
7405 4723
6365 11412
7843 11041
10623 11244
3719 9399
1712 5045
1769 5701
8742 1655
10166 11428
10322 807
1578 1399
4132 10866
7240 11445
10998 2728
1556 9676
6569 9511
7594 557
8488 8235
8948 405
8665 4292
11834 123
4189 11273
9938 10002
625 8930
4413 10963
10121 10466
6599 845
3494 10084
7328 8251
9773 10366
6888 9237
11136 11306
6641 10929
2061 9007
5499 9365
3117 2300
11911 10955
182 3441
6675 7005
161 11228
1813 10390
11219 9886
3902 10995
726 704
12028 11091
2968 8819
2488 9546
8297 4657
9201 3455
49 10305
10383 11240
6154 9521
6998 11501
3165 11339
4702 7596
5460 10790
7768 9517
10998 1
157 10000
332 11474
1976 6590
4173 11202
6096 10882
8458 10498
5402 7883
10297 10252
966 324
11782 996
1104 5299
6882 10187
11246 11334
12574 10946
5190 10589
4766 775
8588 9187
1622 10853
4672 10530
3056 2255
10021 732
9355 11099
12470 152
2968 4312
1832 1587
7028 11447
5735 10282
11541 11272
6769 6785
12527 9112
2395 10905
3190 11393
5955 11213
4593 10825
11392 10885
10193 11504
2981 11512
8157 11527
8476 11536
69 11024
7651 5557
4728 6742
7668 685
406 93
3863 10641
10386 11202
5771 9092
5068 10852
7678 9067
5299 11269
4218 9705
7266 11580
12191 10855
9080 8415
10387 11239
1960 11120
12384 11505
254 2682
1564 1458
606 10415
10660 11096
5740 6476
2309 6309
796 7506
4323 929
6679 9690
12099 298
10109 11549
9490 10606
12417 9163
7392 11424
1546 11130
3175 11508
2197 1116
7956 11250
854 10268
1650 394
4211 11653
11537 10520
992 11616
2205 11093
1518 11590
11635 11021
10403 10930
3524 910
3478 1157
8967 10284
3332 10992
64 11431
3764 10104
10257 11584
10972 10855
9967 5441
3989 9683
8103 10014
5831 9531
12130 11063
8897 1395
11989 11533
11968 11421
6330 11016
1957 10433
638 11658
454 9982
8154 9366
5507 11049
10700 11601
5274 11530
2755 11460
1818 71
12470 10733
3006 140
5287 676
7479 904
277 11516
3910 11592
3864 11207
7106 11584
5088 11241
7306 11667
1358 11728
2824 319
728 1041
3322 10910
5851 11102
5073 8741
3649 8837
11112 10845
7956 1834
8102 475
5895 11545
5795 11505
2698 9956
5233 11456
5453 11207
4816 11012
7682 10524
2551 10858
3358 11405
3595 9505
1507 9875
8738 11195
2803 5269
10619 8485
2245 11751
6615 11663
8998 11741
8039 10168
6345 11565
5242 11968
3030 11454
6924 11663
1454 8267
9792 11668
11346 9911
8303 11729
10402 11679
412 53
6990 10637
2936 6347
10568 11520
6661 2352
4222 11631
10047 10230
9872 9386
9703 11249
1147 11654
1279 1634
9664 10159
1281 421
10212 11167
5127 10479
197 11642
4061 11534
3708 11163
7367 9733
3353 11393
6771 11761
12199 10792
11634 11744
7977 11562
4538 2691
9680 11822
4185 11807
1405 11041
1134 7523
12224 11771
8474 2634
5412 11406
1253 1258
11912 11398
8472 11813
4573 11785
9769 10011
10685 10597
4989 11411
5177 11553
8917 10772
1500 11319
6230 8079
1651 11415
6949 11357
11099 11765
1172 6243
11707 11328
9703 9632
11536 10932
5595 6375
5626 11820
6145 3311
1882 11608
6236 11617
3271 11274
1802 11641
7410 11345
4334 11721
3500 11260
7844 8937
106 462
12161 5729
10908 11770
11618 11825
2278 10415
7305 11725
7761 11655
6919 11374
5568 10720
8704 11855
4816 1165
12596 11165
3186 10749
12395 11276
450 11169
5745 11422
4006 11260
4657 198
1234 11492
2109 11932
12080 10730
11354 10075
3475 10921
8280 11184
9142 6119
10830 11468
9163 11794
7901 11452
221 11822
688 11859
3572 10730
5226 10332
8958 3723
11395 971
4687 11499
6751 11197
6867 11860
10787 3108
5785 11964
2205 11904
5235 11722
4492 11726
4156 11315
6768 11260
4955 11900
699 8370
612 5131
2498 11844
5726 2434
1360 8664
7627 321
12489 11273
5677 11957
7553 8084
1474 11510
4517 11110
9452 728
6115 11921
7157 11745
567 10993
3771 11939
12567 9809
6633 10261
4725 2543
838 11322
9203 11709
11513 11713
9567 11549
95 177
1256 10259
5545 9800
2273 2792
9183 10842
11407 9939
503 9985
10098 10781
10271 11334
10492 11353
2905 11269
5973 11676
1801 11244
11375 10710
8007 6694
2998 7305
8174 11964
11247 11615
11618 10637
8468 10366
8485 7379
5149 9725
10440 11786
8534 9973
8931 10786
4922 11956
54 11880
2814 11814
3657 1844
9327 10892
1453 3821
1180 11604
11351 11872
6137 3661
8608 11285
8022 12000
3157 11025
1381 11343
785 8414
6998 11880
2522 11554
9681 12070
9920 11390
6047 11735
3022 10985
9179 11744
1601 12071
8445 10720
6272 369
7111 11959
3326 2730
11836 11873
8042 12089
10112 334
10292 12048
4809 11846
5539 12011
11865 11014
9147 7142
8705 10626
6190 11617
10520 1947
7636 10687
3314 12038
11321 11812
7047 2395
8479 10502
3046 11839
1995 11891
8270 11934
9393 11970
726 11846
4628 10010
2534 2971
7345 11491
10475 11973
11907 11880
12556 11630
553 12005
5316 12104
11617 11451
9406 11738
8081 11974
3075 10964
6043 11948
9721 11130
10875 8709
11088 11250
1309 9793
8804 11362
4171 12143
2413 9439
8568 12097
6831 11188
4734 12070
2821 11542
8272 11794
3930 260
10922 11605
5452 11592
1195 11238
8719 12065
11588 8248
1186 11357
3937 355
7615 12154
7284 398
3628 12022
4063 12060
12171 12083
3647 12082
6393 172
10142 11644
6687 114
1506 358
6563 12057
8701 11632
7551 11293
10293 7277
2148 10725
2840 10136
998 12097
11051 8321
7566 12176
2907 11735
11712 11403
10587 12197
3726 6908
5457 10555
3162 10281
3085 4285
9293 12030
7545 12032
11611 11329
11682 11973
3319 12179
5067 245
7424 12154
4618 11682
7308 12191
3312 12047
5026 12093
11905 12227
3956 12127
6043 12095
2737 12021
290 12129
11164 12055
11638 12174
7715 10197
10934 11262
505 11691
6339 11325
7586 11727
10307 11863
7478 12236
5007 12172
8751 11899
6793 12244
11013 12198
8911 12137
5704 11983
12310 11118
7255 11831
8593 10117
11929 12176
805 12196
12098 12238
4455 12158
10058 10246
4924 11992
11471 11317
8918 11351
11252 11727
11940 11114
7613 12210
3660 356
2914 10277
12401 12259
4111 12237
1274 12199
11011 12029
3915 12119
1181 11801
5194 3539
4616 11445
275 11130
11104 10098
6076 11906
8781 12228
8286 12069
1015 11881
102 862
5313 11854
10147 12213
1664 11393
8754 12133
2950 11983
558 12163
23 12295
9351 11717
3380 11822
1678 10038
11681 11433
1613 12288
6398 12190
2490 76
7078 12101
10217 12233
8583 11669
10173 12258
7373 11736
8696 12184
9556 11948
6591 12103
9312 12269
1183 12314
10425 100
3369 12008
11001 1670
7096 12360
10203 12270
9629 12294
7128 12241
445 12224
6465 11124
2197 11545
616 11956
5770 12358
2363 12258
2384 12309
6670 11302
4412 11771
2590 12340
11108 12215
11098 1250
10956 1697
77 10977
4907 3392
1296 12369
5586 800
10599 12271
85 11896
8813 12225
1039 11826
753 12383
6328 11851
3184 12262
9396 12370
7487 12317
5923 12368
4522 12354
5720 11785
10607 12198
136 12391
7173 11704
9366 89
12150 12387
3869 11953
2631 12095
11395 105
2166 12376
2003 5324
1402 12314
8675 10440
7212 12410
2637 10484
3416 12409
11636 12277
8802 12054
9768 10606
8430 11855
332 12409
6132 12369
5016 12302
8464 11953
615 7988
4688 12442
3275 12412
10471 12176
912 12378
11268 12452
4457 12289
7768 8237
11772 12303
10498 12437
1418 12444
12403 12175
6077 12431
11034 12121
7746 11352
11367 12376
8233 12441
12288 12390
8235 12450
11793 11761
7857 12088
6296 12375
8139 12340
5648 12107
948 11907
1840 12407
7248 12458
7015 12480
8374 12467
5841 12409
10327 11132
977 12043
8787 11899
2582 12063
10973 12466
1120 12274
4244 168
4015 12386
11314 12510
4969 12398
9551 12472
7954 12308
5161 12383
12465 12192
11443 12515
12231 12382
248 12380
1588 12518
3639 10411
1442 12082
7778 12516
3889 12264
8982 12502
7229 12506
4659 12508
97 12499
7591 12541
4758 10892
3241 12514
5604 12418
1352 12531
7593 12554
9392 11567
7091 12547
5669 12544
4986 12461
360 12540
6213 12569
9831 12563
9394 12452
3940 12508
9755 12575
1465 12549
8816 12578
380 12580
5395 12550
319 12549
1252 12582
10312 12256
7093 12578
7897 12581
3880 12589
8467 9850
3385 12582
10381 12589
2627 12590
12068 12590
4244 12594
