6800
8572 10200
4713 10184
6184 10195
67 10193
347 10184
3409 10147
8559 10179
7201 9034
7219 9903
412 10177
3895 10172
262 10164
2778 10176
7249 10127
1815 10019
6924 10164
5461 9977
2230 10129
5102 10131
999 8856
3927 10102
7771 10109
9417 10136
8480 10130
5190 10112
984 251
8431 10070
3057 9453
7432 10126
7417 10054
9845 10014
2095 8923
10176 10084
9466 9978
7118 10110
542 995
3441 10064
9109 10108
2151 10086
2935 1067
8125 10091
9305 10085
6321 10025
8151 9917
3552 10021
9573 9574
9788 9581
8303 10091
3016 10002
224 10000
4708 10064
2963 8532
1263 10044
2167 881
2485 9418
5468 8962
3606 8247
9294 10067
6842 9972
9891 8648
848 10056
2740 9948
9717 10065
8840 9816
2434 9955
9961 7248
5131 2174
2663 10056
6428 9872
431 9968
4654 9961
8214 9856
6217 183
36 9942
6751 10008
2794 10044
3187 9795
2056 8606
214 9937
5564 10026
9952 9896
7090 9971
8572 9754
5665 10026
8226 10002
9403 9750
7728 9819
3863 18
6427 9677
6892 10006
5913 9877
2393 9915
6587 10009
7279 9865
3815 284
9840 9917
9723 9921
8838 9962
3825 9993
387 9736
649 9876
158 9875
4894 9748
7776 309
234 9993
7355 9637
7100 9909
5433 9612
2152 9909
7254 9958
1943 9957
9590 9409
1205 9927
9860 9963
2426 7754
5639 9836
205 9838
615 9557
6697 9920
6706 9893
3608 9948
2283 9949
1153 9919
4654 9912
8014 6677
8906 9243
3217 28
6326 9612
9746 9347
4157 9875
7528 9904
6962 9683
9806 9664
2785 9953
8381 9926
8059 9495
6377 9882
6396 9869
4587 9450
9864 9860
8199 9871
9332 1694
3309 9934
3895 9776
494 9606
4201 9885
2778 9799
7795 9334
3882 9899
5139 9298
1542 9076
4568 8123
468 9650
9234 9716
7568 9821
6793 4507
7429 186
5274 9562
8746 9486
6122 6853
7101 9870
10027 173
3762 8832
3220 9730
157 9757
7038 8630
5095 191
7355 9423
6443 9449
1404 9667
3524 6579
3484 6957
5021 9865
107 8901
6880 9190
6809 9839
6313 9889
347 296
8680 9079
8056 9740
2546 9872
2884 9873
725 9515
3234 6843
8309 9403
5259 9822
7254 9751
7852 9310
7403 9741
10 9759
9606 9731
6381 9769
3001 2302
8211 1004
8704 9420
1419 9863
4079 8898
1473 9781
1431 9687
4266 9829
8264 9275
5278 9861
5295 6341
2350 8642
392 9781
8852 9741
1671 9815
5396 9703
3452 9528
8128 9720
131 7335
7892 8498
6988 5893
3746 9012
845 8316
10066 4090
3902 9794
5546 9804
7928 9384
4826 52
7506 9815
436 9799
9872 9548
9859 9143
2076 207
6218 8700
2621 9507
8899 9674
9530 8638
1587 9279
2659 8027
4914 9475
923 9725
8928 6260
1663 4124
5198 8447
9934 1110
1143 9634
2030 9651
6806 8430
3695 9580
1271 9461
12 9288
8404 9504
1872 242
4254 201
2408 8589
7166 9423
1009 9735
237 9777
4236 9720
6746 9745
2557 9632
641 9531
9781 9598
6266 8983
6157 9764
5551 9255
7 9759
7986 8699
3971 9429
5277 9713
5698 538
9804 9675
4310 8275
3478 9708
2047 8900
7467 9411
1485 8806
8158 9698
6458 6239
7405 9352
2756 8926
9982 9582
7659 8502
8516 8285
3908 9710
1517 8908
883 7924
1932 183
5669 9335
3551 9360
8421 9508
7448 7917
1907 9385
5490 9698
2889 9695
6643 8288
1347 3588
8010 8417
3847 9030
8539 9645
9125 9308
5062 8876
2572 9609
1858 9286
9910 308
9566 340
5898 9728
8875 9070
1208 9661
9540 9362
9536 9086
6498 9517
1769 8701
8381 9686
1362 9680
3511 8204
7642 9561
9244 7127
5834 9658
2087 775
2911 2463
10187 493
2941 3334
5145 9334
9154 8592
6111 8534
4541 9464
9823 8780
10057 9692
183 9523
9962 9105
733 9451
9959 1894
197 9584
9861 7913
9583 314
1385 9612
7165 9639
2432 9101
160 9646
6693 8471
1196 9405
593 8611
8367 9146
9184 8895
9283 8980
9496 9579
3283 6660
2986 9622
3414 9665
9924 9183
5364 9332
4177 8746
8827 9352
1674 8865
8744 6317
1118 687
8912 2353
4425 113
3563 233
5226 9650
3158 7376
8650 9621
1289 2637
4191 8992
9216 106
9188 6783
1769 9280
1018 9278
100 1295
6385 8546
8288 5
3670 9523
8833 9074
2927 1098
1910 9254
8417 9217
1163 9581
7354 5487
5704 9090
4211 8613
6641 9297
8215 8786
360 3474
622 9225
1896 697
3937 8938
6732 369
4614 6053
910 9331
985 9241
1108 9277
5097 9339
4850 916
1116 9312
8979 9153
1948 9564
5468 1704
4647 8663
8935 9004
8876 9036
2501 9481
5571 8997
8409 9562
2029 9467
325 7171
9024 990
9075 7999
5545 9545
6449 8936
2646 1015
9145 9472
8696 8881
6978 9012
1650 9512
652 9340
487 5266
1913 9349
10058 8260
7331 9164
4714 9504
1026 8834
3084 9294
9761 9273
1282 6920
5063 8396
273 9029
6851 6335
4488 9452
7355 9395
1721 9362
8051 9221
5772 4299
2918 8816
7377 1291
7729 9188
1858 8266
9561 8532
399 6620
2622 9273
3607 9057
10144 9118
4295 5984
6563 8691
6110 9300
9458 8044
4648 8334
1180 2096
6592 1265
5900 2571
351 208
2714 3607
9385 6670
5023 9364
6027 9249
8390 8745
7202 7542
1904 702
64 4754
6783 508
5635 961
8332 9271
4855 7861
8763 7768
807 9029
8215 30
1862 9306
3752 9142
8488 916
439 714
987 5444
783 798
8025 3097
225 331
1888 9323
6406 7893
2761 8623
6121 8194
6683 6083
8578 9078
1952 7089
1589 5118
1505 1000
5605 8406
7085 8880
2431 8639
9000 1971
5704 9322
2979 8544
4054 9033
2337 9228
3916 7881
7766 352
2860 8950
4436 9217
1030 9332
4300 8864
350 8800
4501 5869
5874 8009
5960 9147
9591 6667
5115 1221
1253 8939
1087 2770
9075 8807
8228 8355
9254 1735
6201 7373
8922 8502
2480 9249
8615 2599
1791 6789
5110 8689
6296 822
3451 8107
6806 2430
6211 9328
4066 9217
6554 8622
10114 8918
3909 9334
5938 3305
8210 7640
9464 8956
2756 9359
8892 9275
26 8765
3786 5068
7378 1026
2274 294
1652 1429
10188 9115
7167 8434
8652 6725
4437 2460
6235 9301
2608 6713
5084 8864
7716 8419
2450 355
8117 9313
7418 9242
374 8867
8608 1824
8632 7984
8284 7690
7617 4287
8360 2538
1410 873
3442 6240
8466 9254
815 8255
3808 198
7988 9066
9045 372
4074 2066
7740 6893
5353 7254
7742 7913
10167 8791
189 2770
6953 9031
7893 7031
5344 5621
7842 7455
463 7468
5496 1033
9013 8222
1638 6914
2374 9255
1096 8247
9592 9181
7015 9292
8067 2954
5332 7555
1552 7723
6188 6108
6643 8766
4401 4333
2233 4755
937 4179
8457 276
6920 8400
7393 7737
3690 7882
10152 400
4326 7546
6344 7177
2549 9093
7174 1602
8816 7509
5710 9134
7590 9205
3771 6542
6093 1472
8762 2646
2916 8225
2900 8530
5542 8686
8875 6513
5284 4986
6706 3053
10161 246
2803 8523
9568 2700
1540 6536
3556 3546
5614 9144
4559 2058
2064 8808
87 8838
3892 8957
2481 9011
4052 8549
4901 222
2025 9023
8882 8881
7482 9047
4354 7726
8437 8017
3234 8906
10069 6221
8948 9015
5648 9045
2654 6690
8850 9065
4133 8680
1818 5693
1793 8242
5665 9092
8965 7546
4705 8996
3556 8387
6890 9103
3727 8871
3805 8883
3755 8115
1071 8520
1823 8496
4945 8930
4686 8884
617 8685
3044 8614
4445 5847
8960 8008
9573 8235
4483 8869
6495 7859
7887 8671
2870 957
3074 8681
4944 1149
2493 7553
1733 373
7627 4096
4701 8875
733 2824
583 9156
10073 9127
5909 9007
8666 2974
5995 7475
6586 9170
6910 6815
2905 7984
1507 8523
9508 9086
2290 8429
2601 9126
6842 2541
5045 8354
4472 8562
6616 3365
8386 4079
2151 8408
5911 2484
6268 7964
5974 563
5140 2344
7937 8743
5528 3494
3957 8859
1129 8011
1004 40
7841 538
3630 6268
8181 2812
541 7920
4368 8910
6631 8044
2328 393
6766 8799
2457 399
4236 8856
7225 8335
5108 8211
1228 9029
7681 7043
5719 7117
3016 8884
7592 7806
7407 1338
5981 8970
154 7642
5198 6913
6467 7892
2834 8811
8526 1018
6711 8930
7226 7985
8193 8285
3066 8840
7969 2399
5640 8255
1153 1203
421 8051
2246 8412
8879 7294
1594 7374
6714 8394
7025 7410
1121 2934
5179 8678
1167 2484
319 4546
8507 1719
1441 7124
8184 8121
2898 2506
5331 8802
2866 7296
4574 1208
1008 455
9911 8753
3117 8380
5196 6700
647 8812
4580 8904
496 2545
4771 7147
6484 276
1030 8757
2943 8047
2937 8950
5122 8697
5153 6950
9721 8578
4674 8983
7799 8999
10020 860
21 8232
5938 2929
9701 8825
2037 7852
3370 8753
6017 8876
9280 4683
2960 1355
249 6879
5269 1992
2484 1888
1194 8027
9562 8058
3822 6424
3920 8200
3152 7900
9150 335
3930 8865
1926 8632
7706 7341
7522 2396
4209 7291
4894 6719
9563 7847
8325 7721
5753 3747
75 7741
8907 8559
107 1479
2784 7905
5541 1186
2955 7659
1701 8160
405 7183
2008 8297
4973 1219
6708 8313
9489 8873
3542 8115
1495 8333
526 4799
2986 758
8862 8022
6164 4667
7925 716
1623 20
369 7651
478 701
1278 7924
6690 3232
8052 5588
10006 1623
8833 7065
5520 8418
2621 7493
2338 8214
865 8854
9265 8715
4970 6765
3981 7579
5964 6066
8464 896
3320 8802
8360 583
8608 7503
2974 510
3517 7166
4355 8713
10199 8644
2583 8119
5966 886
4660 8810
8923 2860
10171 8760
9731 8695
5462 6326
7095 8482
1625 8105
9329 7942
720 8704
5863 8509
397 6488
1149 7477
2564 8368
5048 8767
8048 8501
4263 798
4478 3335
5592 1824
1300 6667
8043 594
8711 8867
4068 3149
2888 6691
8292 7731
1878 8226
4042 8224
9744 7326
93 2246
7419 8025
1163 6731
2074 8185
3499 8814
4734 1463
8368 6610
2353 8408
3232 1877
3201 7841
910 3649
2208 1089
3605 8846
8902 8415
4905 8834
7422 794
411 1352
7944 8305
5842 5441
4461 8453
9481 160
296 2813
7272 19
4460 494
5049 8731
8549 6303
2607 7740
2352 7442
9875 7598
6232 7951
4226 8299
4137 8531
8071 2128
218 8794
9593 6249
351 7338
3248 5552
3768 5956
9534 8527
4990 8714
591 4844
6264 8681
9993 1303
5436 8592
7054 8669
7331 8362
4475 793
9854 7175
3119 6363
7154 7925
1196 8637
1533 7689
5364 5244
4895 8170
7967 3438
7996 8547
9799 8427
7893 6094
2327 8690
3346 5392
7196 5363
2011 1022
4251 6232
38 789
6810 3270
5277 7840
2079 5875
2626 5830
9393 2612
2864 7240
2214 8741
4078 8460
7984 7784
4809 8623
9117 7176
830 8462
3128 2770
6384 8012
9970 2773
4962 8070
9173 6899
7154 8275
645 7714
4843 8699
919 7277
5422 8524
4120 8689
626 7510
8437 6707
951 2299
9322 7916
6421 8632
1088 2443
9225 7287
7782 7954
6013 6651
9413 2727
4643 568
5801 7459
6899 8647
1449 8434
1965 1888
6933 8613
3948 5941
8656 1238
1950 2031
5525 368
8925 126
8900 7987
3813 3773
1281 8555
7760 8672
4510 7085
4264 2636
6279 7413
2947 8587
1740 7441
1541 8242
2690 7410
7587 8586
4016 1583
10164 8128
1439 302
7197 4208
8266 3046
2880 7584
672 8588
3975 7504
3005 856
6667 8054
3508 4981
3126 3586
1515 4615
9652 6274
9865 8067
8873 8123
9005 1227
9688 6459
3432 6653
4808 378
515 5701
9736 7928
7249 8301
1574 7026
5172 8369
6393 3733
561 8077
7346 1591
6638 161
9151 3560
1178 4955
5844 1819
6364 6290
4691 7408
5662 7095
1664 8515
4947 8014
1797 3943
925 6189
5147 7678
1385 582
219 550
8735 7531
6099 8426
1166 7964
9232 8576
10197 164
4593 3958
2638 7781
6218 318
1335 7230
1345 7841
4354 7737
2922 4721
5673 6946
5732 7911
3735 2624
2124 567
2882 1224
4996 7928
8753 71
7083 2162
3870 8417
696 6082
7273 8058
278 8592
1267 8314
9501 843
4335 7120
7017 7905
899 8337
5850 2840
5517 7663
4809 8083
9908 2128
2741 1269
8845 5933
3140 8492
5761 6957
5490 6895
3088 1906
6744 2351
9737 8276
3782 8309
8357 7110
7362 6665
9 7168
1858 8154
2117 1406
8682 7749
8355 922
8735 8433
7666 8358
3472 1613
8033 1906
6455 1811
2968 3061
2711 155
6692 7642
7365 1384
6088 7436
2376 7726
9069 8506
3234 4936
2175 1857
2701 1024
5255 6658
5827 4425
4131 287
3221 5056
8506 7530
3131 7633
4145 8335
7870 7396
1650 7838
3596 4610
3434 8512
1699 8145
9720 7750
1885 1207
1509 2324
10147 6753
8431 534
3371 7664
1121 5712
2822 3936
6374 1779
1791 5667
8656 7052
9435 5779
3557 7356
6008 8375
5339 8228
2111 177
6412 2737
2373 1468
3267 1004
5312 6121
4347 8179
337 8060
9080 4447
3172 8239
8712 7933
7776 2113
4346 8130
8509 1118
4412 7026
4048 7848
6456 7608
2339 2182
7174 272
961 6342
7749 965
4979 5904
2018 1181
493 1077
2470 3794
5984 8298
3796 8039
1117 1929
4563 2596
7455 4820
5094 7061
5800 7883
10126 4979
384 7058
1665 2587
5518 7923
4333 6077
8259 3977
6038 762
3766 1461
4488 7301
5884 285
2031 944
3548 7198
3094 2338
2816 3149
5098 8342
2429 506
3449 8210
3663 8261
124 7539
2830 8153
6001 8277
20 3049
4700 8126
9368 5892
567 6198
8888 1699
4557 7850
3858 265
9594 7651
8815 2263
8271 409
8266 6716
7502 8256
3183 2454
9480 4956
5133 6660
3411 950
1712 450
4778 3273
10127 7812
4107 3892
2048 5665
8442 4531
4102 1516
6448 640
7208 7888
8263 8280
3140 1231
6284 6649
1742 7833
8867 6927
9294 3535
3458 7383
2542 221
9725 905
5208 8055
9132 6083
206 5186
3896 3744
7923 6621
4372 6789
3433 7248
2627 7052
7540 1235
550 1750
9680 8317
9525 3762
7469 7476
8344 1803
9427 2699
8491 6636
6881 5927
10130 9502
622 2983
4519 4915
7970 6503
7723 423
4531 292
8265 1321
8655 8045
5867 7342
7651 1048
5171 1000
4464 6511
9549 2264
2580 3007
5395 5364
1228 7557
6086 7986
6347 7841
1575 3407
6289 2061
8684 3077
9300 5234
7601 6715
4481 4900
6025 8287
1620 1080
2449 8191
1411 6910
3075 679
266 6599
7615 6018
2134 6070
4065 2645
7288 1818
4155 1601
8311 7610
2899 7452
6902 6783
6592 4422
5298 3107
696 1052
4544 6655
7860 7352
1239 7920
2711 8074
8796 1488
9663 8259
5093 6266
3062 396
2919 432
4946 7661
836 7598
8223 1787
706 7874
6199 5088
4587 6326
8155 3297
5700 5672
7084 7149
4984 7558
1338 3049
3578 7854
1252 1452
2487 1815
2557 6277
67 4719
6144 665
513 4409
4428 3509
9258 6546
5531 5356
3611 4455
4917 7534
115 5967
9769 2970
7398 751
5736 7805
1655 3776
301 5446
752 2280
2325 1157
6592 1143
9330 7645
15 1042
4040 8198
7004 4316
8985 7170
9917 7870
9598 6106
8101 1178
6246 2244
2865 7812
2170 5831
6403 6340
9527 7890
9601 652
9276 3743
1561 2047
6549 8089
4583 1682
6654 8040
9218 7193
6776 3865
1234 4065
5672 4419
3646 2383
756 2941
298 410
4715 6528
2760 8147
1531 4753
4360 1044
5267 3375
5322 8017
5900 6551
5686 7271
5806 5738
196 6305
4897 503
1955 736
10092 2560
5817 4873
8353 116
6551 7718
5355 7129
101 1099
3022 5035
7977 7691
9460 3696
5468 5348
4107 8081
8058 7845
7717 5989
5630 2853
5978 6385
6897 6567
7377 4853
5579 4629
6107 2654
7465 2401
446 2356
9335 4876
4352 7686
2030 3188
7582 3317
6665 6151
4086 4084
8817 5213
4864 5587
9872 2235
895 2318
7270 876
1461 6928
5654 2915
8657 7415
5624 1705
2532 2033
5495 2084
876 2257
2079 4127
5327 3901
1091 1359
8652 2689
8379 471
6955 2255
3964 7785
8434 7347
10136 3823
8517 7063
1851 7697
110 1932
9424 7529
3049 2653
5604 1549
9503 581
1239 4619
2258 7482
508 4905
3913 4571
8481 1435
781 6994
4569 6560
6920 3659
3490 1239
4383 7948
2142 5845
8898 3087
391 7443
1393 6641
4852 7941
1608 1002
6549 7986
6639 3492
5180 8042
9767 3732
6019 6553
2131 516
3314 1647
5398 4792
8692 311
6143 3705
8892 3812
3268 4499
7379 3986
3509 2200
31 5235
7252 7305
8758 7141
4169 8013
8649 1040
4056 3513
5907 6769
8108 943
2640 7036
7849 5680
4696 169
6233 7485
7299 5154
535 7911
5515 6591
8999 3459
4891 7849
3383 7248
9931 4351
2872 4272
7061 7431
7618 380
1502 2275
2181 7564
7508 7370
8954 363
1254 7865
8629 6269
5844 903
779 6350
6694 3297
2706 986
8629 3092
6182 2757
7975 4098
9110 5698
522 4717
2204 6252
8713 2409
2012 7491
7166 509
6053 6342
7976 4951
4731 2481
7939 5714
3217 3930
9687 7090
1451 6368
7797 7473
3624 537
802 2694
4757 3273
4864 846
4516 2262
6331 5284
4825 3174
630 5502
5367 6103
9526 244
9825 4300
7547 4006
3734 7909
3606 7875
8781 4115
7894 7090
2840 641
2467 1043
10187 2545
10175 610
3173 2763
9922 5418
3144 3156
4396 6650
6287 7365
4507 7559
120 7261
410 6838
5898 7750
9021 6539
6657 5977
2101 7041
1674 7110
4204 6403
4900 4505
5722 2573
9660 2285
8176 7191
3607 7761
10085 2418
7 4376
4793 1463
2507 2683
966 2057
2135 5999
796 6460
2011 7836
685 156
2989 4373
8100 5919
551 3900
6311 6081
4898 6104
2826 7567
899 6330
6823 4531
1792 1787
3084 1017
1756 1409
6033 101
4808 1088
3701 6545
6520 6883
932 6237
5080 6733
10157 5962
8470 269
1579 7539
8116 1811
5837 4706
4136 3581
712 7724
9528 7005
3055 1024
2697 569
7372 1318
2497 7037
4890 5476
5306 5818
147 352
8291 3452
3761 7655
9607 1623
2685 982
2949 7773
9185 4552
1932 9767
757 2832
5320 1928
3197 7644
5202 1460
2122 7685
6785 3394
3923 3298
5699 7779
8476 3849
3671 7396
1727 9234
8612 2383
7209 1060
3514 4915
6592 4714
1157 7421
3356 3439
3358 530
6215 2679
3656 6960
5958 723
1640 2770
7434 80
4802 6203
6683 7021
9471 3256
2282 2317
8943 5050
1598 6117
1449 7417
7324 1888
6088 6854
10043 3076
1625 6289
7217 5253
9861 6642
1248 2302
9853 4324
6765 1732
3058 1227
2075 3411
10046 3331
7374 7713
2779 3828
5555 7386
912 590
4619 6625
1227 2268
944 1163
7757 3871
812 4555
1831 2675
8214 1398
971 5683
875 3775
2959 2169
6795 6134
2336 2580
67 7590
3262 6175
166 475
4957 7451
9429 1762
3583 6746
1323 7489
5559 496
8607 6966
6218 7624
4799 5024
533 4059
4098 4088
9036 7438
5409 4560
1445 1806
1204 2713
2401 3949
1804 6860
4703 1880
829 6726
7474 7516
9183 3077
9700 955
654 63
3522 7113
319 4791
9987 5423
3480 1527
9187 6032
1978 6839
4438 7550
2395 1965
6903 7918
7308 2473
1101 7138
705 6264
3023 411
3568 2317
5931 3476
5387 1944
8544 2862
1405 1421
8180 1234
2168 4142
6385 4284
7946 2516
9995 1546
9663 6868
7693 3673
6334 5748
6402 2430
7746 713
7479 7294
4001 4635
8196 6256
6947 5880
537 5421
7683 4979
3604 6402
9181 4377
226 7020
4115 1155
2900 4750
1130 5126
4836 6713
9549 4064
3541 7213
6922 5233
2987 6382
9131 414
3789 7555
3793 802
4887 6956
5874 3247
3807 4619
199 8320
6806 7127
1360 475
2031 6665
5294 720
5065 7257
2209 2665
5280 3810
7963 100
9069 3009
5458 6838
866 2722
7336 5667
3629 4614
411 3051
8184 7017
8361 4182
5809 7465
6488 5850
2338 1001
4950 388
8646 4308
4103 1552
6803 6563
5413 3545
3101 957
2023 889
9062 1226
8212 5127
9703 2684
907 7552
5187 6698
1236 7400
1550 4968
6468 1065
8546 1232
6727 3733
7542 2840
8540 7536
6901 6855
6942 1314
6438 6274
553 224
4607 198
5582 3348
8255 7516
2737 6590
1756 3469
1896 1016
4156 4064
9028 7102
5636 3151
4138 1363
5654 3689
4978 3410
2171 4695
8212 6994
3089 6223
1861 2730
1445 6213
6663 6968
2879 6718
7395 7391
8594 5151
7078 5015
5001 3121
293 1399
2209 1170
3618 6805
7010 6255
8717 376
7533 4073
7558 6974
5972 1180
7861 1419
9345 9065
8346 7071
3475 5725
3473 7117
2093 448
7290 6861
305 553
5329 3812
452 6679
3382 6812
1682 6646
5116 5690
8152 3286
4898 3170
2455 5768
7013 6095
6790 1223
5408 4423
1232 5938
1651 6014
9038 5553
6063 5688
9905 957
1616 1448
618 2320
5411 7375
5606 3857
151 173
7573 2909
8449 172
2143 3898
8711 4644
9124 2146
9144 462
836 1460
263 4608
2674 6309
3014 7950
2417 2360
2606 7267
8590 5279
3267 6219
5597 4800
5741 7053
7750 7113
211 958
3726 6462
325 4173
1693 6496
7120 7135
2289 1678
424 2973
2463 188
339 2799
7478 9502
9472 8730
9023 5019
5740 5876
325 267
6456 2532
9058 7240
9930 4014
1088 861
5271 4817
7841 2506
5007 6778
8481 6849
9702 1640
4394 1584
8248 5603
3917 7070
150 3224
8170 986
8772 4887
713 4287
6344 3023
6761 2634
6627 4975
8447 2898
1315 6929
2542 4504
2073 2856
1145 3603
9269 3799
5051 4448
1348 4373
265 6073
6720 4724
8615 5256
2593 3724
7601 3957
10193 6022
1541 7056
6929 5750
1782 8147
5819 3784
5393 1507
2570 722
9230 7871
10023 4634
1182 2916
326 2361
3441 95
3476 970
7405 816
9454 4266
5030 7283
9391 7149
1644 749
912 6978
2551 5344
9175 2076
7255 7106
7944 3406
3942 6974
1798 997
8595 3666
7041 264
2867 1202
2535 7116
4586 174
3691 3500
1560 1501
1443 6414
7298 6824
469 4163
6996 3960
1176 6993
8288 4309
9018 6062
8071 4535
9787 4010
6030 455
4803 5183
1959 4282
2992 7711
4011 3168
4869 3983
6720 6764
2805 4140
237 8208
9739 6102
1324 5350
8034 6975
873 2557
8984 6577
4940 6282
6786 1116
6355 6379
2294 86
6223 6342
7513 2431
1736 6526
6824 6463
5070 558
4540 5334
2819 2997
5650 3652
5837 2549
1085 6208
10111 5688
981 1428
3744 5594
8397 5285
4653 5908
2735 5185
5594 4255
9191 945
405 3630
9294 1450
9212 6288
9231 416
6790 5653
7042 3490
5293 3602
4247 7146
2619 6759
2210 1586
4413 867
6119 2143
1911 3432
223 5633
7012 6884
1978 4742
1902 5107
9528 4603
4127 5817
5938 1222
6566 6526
7431 1369
3895 2239
8783 6835
1763 3172
3751 195
3573 6859
5485 6779
8027 3554
6471 2808
9784 2823
5005 3711
8500 7020
3570 6161
7628 6957
5790 1760
281 2021
9300 5020
669 8408
9597 6721
7776 5028
7694 7570
9956 6036
4266 3716
4479 723
10040 3459
2672 3303
3080 3316
335 6865
3642 4149
2635 4607
8025 2581
3814 6838
3070 3479
8109 5220
8933 5584
6289 6835
3153 7864
4344 5239
905 786
5092 2648
863 5841
6667 167
2596 2689
7273 6079
4138 6787
742 1125
965 7676
1188 6827
1762 6571
1580 3385
3660 7054
3242 6898
8771 4489
2600 5780
5881 6524
9401 6191
7485 2440
7730 4108
4371 853
5428 136
1365 6019
3044 5070
6965 6000
8028 3147
4494 7065
8980 6407
2661 6295
9055 3572
6174 5601
1772 3868
168 6667
8807 3422
6329 5985
9531 5463
209 932
3383 6481
4664 2789
2330 6554
1073 6057
7495 4753
2736 3443
3313 4598
538 3547
9516 4955
8175 981
5274 3520
5556 4524
6023 4134
6446 648
7776 6659
6860 3891
5902 7041
5942 5072
7074 285
568 6526
1942 6951
8284 6884
460 4401
3891 4326
6731 5415
9308 2365
4756 6357
3450 3141
7894 1930
4979 5833
6600 1418
6396 3674
3742 3216
6082 5369
7561 6905
5133 2143
7567 198
4981 5854
4316 5899
759 5848
4925 2022
3023 3174
2973 379
2921 5298
5745 7028
1509 6486
8651 6065
3166 2009
2994 2554
1918 3697
7112 7316
2625 2680
3537 6217
5941 4904
3112 1607
3200 1984
2292 1568
6175 5157
1988 5640
10087 718
9546 4378
4305 5973
3985 1708
1366 5372
4597 6947
7853 4261
1006 139
9679 3302
6613 2357
7990 7678
519 1676
820 3864
3043 96
3164 3225
7742 6864
5648 4807
3669 5687
8827 6139
5480 3952
1723 1134
8373 3040
2254 3222
6652 3112
7627 4357
7205 3263
3978 4831
9451 2114
8424 1664
5157 4896
914 6915
3932 2673
609 6734
753 5357
908 5517
4414 3615
1792 935
1550 3639
2004 3029
853 6445
4231 3192
5528 820
3172 5622
2363 3858
5075 1897
6728 4163
217 1527
4524 863
4722 6744
2827 2153
6711 4777
3223 4405
5197 5956
1237 6452
2170 3255
8780 6621
7449 3329
8058 5809
7855 3281
4164 6358
9915 5908
3563 2914
5420 4006
1719 822
1695 4849
8521 4750
9887 3372
6563 1449
160 5918
4506 1414
1616 6033
5330 813
7728 4608
7666 2836
3638 6360
2379 6154
2258 712
1659 2905
8076 1479
5531 5503
802 5747
2832 5626
5382 5542
7439 6793
8874 5004
3322 6516
8640 4658
185 5704
7731 1457
7831 495
881 3714
1568 4062
4908 2720
3740 3205
5522 2716
9515 4764
2824 6824
4726 5701
3252 5591
8436 5267
893 1778
6495 4256
740 5402
3920 1694
3227 1921
10038 6446
1745 4828
2772 1199
901 951
6162 4615
3100 6627
353 6058
9617 6585
9549 2283
10065 4684
2776 6248
3298 5333
6756 4291
6381 8215
6159 5998
9785 4840
10091 6693
2263 6701
9361 6828
7754 5762
9294 3575
1004 3221
431 4448
6737 966
1285 2867
6672 3178
8702 1434
7332 609
6538 6574
4541 3354
9889 5064
9834 6815
3155 3166
3705 5306
2462 540
4024 335
3780 5934
3553 6357
10090 6185
8823 782
4767 6449
1962 2096
551 4156
640 6591
759 2872
186 6486
8115 6532
2157 4209
6280 4211
5914 6175
6046 357
7636 4039
5650 3638
5293 1234
5468 3774
7855 6654
1515 6439
2326 4025
231 5866
7600 3615
6480 2910
6563 1814
4548 5375
3166 42
7784 4946
5701 1385
7915 4186
9301 5049
4610 2471
8929 3434
5068 6240
1117 408
4371 3143
7846 5217
7612 5630
1055 2836
6867 5718
9935 6735
8187 5980
5039 3749
5972 4688
8067 5604
9291 1152
8144 2883
4555 1983
746 6089
9111 980
7344 3586
406 527
9516 3704
3604 6711
5855 5457
3852 3577
2639 4122
6245 6512
512 8421
2814 1267
6452 5085
5965 6378
1792 6365
9200 1179
1974 5559
7513 3164
485 5328
1780 3513
6486 6186
3001 5413
5384 5792
647 5731
2586 1146
4316 6210
8970 2656
5966 6077
1918 1827
6691 3364
8835 6411
4210 2511
2409 5843
2790 825
7164 3646
9870 6334
2295 7353
3061 5539
7029 6636
7450 5960
9751 5845
8174 1091
2794 3216
3328 5936
5119 4435
10147 4149
7286 3370
7336 5918
2598 892
5592 2608
6330 2235
4335 4831
708 6012
4583 3457
9270 1581
9437 814
9102 6617
6370 958
4893 5026
2635 3539
2631 5921
7011 6111
874 507
8468 1971
9022 3985
1108 3001
3828 5791
4623 5884
5845 5890
7498 6697
3124 4792
9148 1713
1633 1426
2302 3996
4858 2845
3294 2758
4683 6456
5521 4035
10142 3696
6954 4217
5653 1806
5896 6285
7401 56
9674 2034
2836 3442
3218 368
2193 2748
8984 4392
2706 5836
4200 3022
405 6598
9496 1297
9493 542
2788 6182
4002 5821
9349 2989
8461 6630
3026 3544
4180 5956
9804 8892
3115 4121
7340 216
6450 527
72 5137
6795 5890
994 4499
5816 7984
5865 3002
2175 3321
5658 5770
3696 6302
9354 7613
7172 5603
7166 6130
1064 6032
4160 3992
3515 5450
4315 6387
5328 195
561 4693
1648 2024
4704 3273
1993 6185
9326 2066
6188 5435
6819 5385
4391 2276
9366 4374
10165 5307
5315 1126
4419 5088
4504 2356
2395 5548
4122 3172
2708 2201
5875 3030
5969 2595
9996 3320
6933 5130
9113 3742
6243 5074
8818 6307
8371 5323
2808 4702
8469 2146
1371 950
2268 6342
354 2579
5632 2328
4350 5752
1917 5523
2793 1222
9164 8723
8393 1282
6089 5353
420 3653
5541 211
6181 1298
1801 5009
797 3367
7884 3599
5321 4679
5533 5495
1749 1084
1437 4375
3963 5943
3207 5238
7565 5571
4072 7613
4179 5214
5756 3592
5896 7054
9071 2180
6376 4937
3129 1052
5713 4295
8729 5158
982 4783
9087 6036
6868 3767
6197 2042
1970 5560
264 3657
5210 2362
8107 477
9694 6376
9206 1095
217 628
1821 4214
738 6416
1347 3479
1319 614
2225 3968
8121 6396
2319 5944
9488 1938
1629 3896
817 5458
3236 4229
6200 3212
7537 2339
6052 3551
10184 2859
5123 3181
6650 2555
1689 4807
6911 3572
5362 867
5924 2400
62 1153
6888 1452
6362 2808
4145 2541
3576 334
7592 5585
6039 5531
817 3389
7876 1861
1264 5932
6064 4927
4116 4401
4019 85
90 5021
794 4065
4977 5458
7188 5632
8069 1033
6508 803
8443 5956
6227 3730
7098 4181
1138 3564
300 2739
9943 3765
1251 5683
9511 4221
6486 4129
1877 1631
7292 2744
5343 5154
5438 2796
4965 2955
6234 3831
6620 3690
4954 2652
6570 5720
9519 4705
1483 8473
608 1763
5181 4450
8839 6030
6349 4518
3423 2586
3819 5092
3080 6137
7796 4895
6934 4523
5308 7420
8858 3282
8900 3969
7433 5920
6812 4955
10072 5014
6946 5974
6685 4154
7622 5335
6786 4461
3634 1454
6972 5815
618 6105
6546 4881
242 2714
5881 1781
5067 3471
7295 830
7615 4271
1823 9643
5791 3081
8663 3911
4036 366
5143 3829
1345 6465
5425 4525
4542 1497
5297 4428
5881 2990
9386 964
9949 4254
3282 5442
1406 2422
6984 5119
1546 3930
8308 5960
6268 5452
8377 5043
1451 1112
8055 6006
6360 1073
6388 3711
9846 5343
7599 3281
4684 2871
1197 4779
6697 1851
2571 5240
8514 5222
9414 2047
9932 556
6765 5996
2914 4171
450 5054
156 4804
3850 4014
1620 3060
5069 6035
3633 1310
3745 6125
4558 1977
841 1437
9100 1956
5643 796
6222 1539
3359 807
8621 5301
6918 6010
5171 1838
4447 3952
4405 2822
7787 3820
4956 1820
7662 5416
7901 868
4291 4331
8550 704
619 5330
7986 7544
4312 7891
786 6086
611 7755
2420 4755
991 26
1526 775
5830 4156
2381 2252
9487 1063
6267 4776
9327 3711
28 5422
4686 4638
8653 4017
7654 1818
632 3137
6975 717
5860 1551
9927 1963
4994 5809
1698 2163
4062 1938
9136 4516
8370 3104
7001 1866
2335 5939
7178 772
1378 3331
3626 1481
7321 4370
8161 4504
1868 4913
1744 1493
1953 2681
7461 5515
8191 231
5000 5935
7514 2855
9657 1676
2716 3879
1253 277
5884 3921
1086 4101
96 3666
3343 516
4831 949
3012 5767
9895 4939
1914 2610
6745 3344
9479 1817
6045 2725
570 5864
2263 7824
4540 3646
7524 5704
1663 4707
8037 2295
1734 4270
207 4104
3450 1534
1789 4783
5732 646
3745 1964
9178 4565
10073 6178
5273 1618
8270 4603
6825 7876
5086 3901
4792 2793
5339 2970
2948 2485
4421 3474
4614 2334
7116 3188
2079 4070
409 3986
4885 5023
9349 2279
9627 4791
6122 2232
8526 313
2706 2903
6576 1978
9010 2527
2511 7207
7419 9398
576 431
1445 7592
7819 1114
10050 3274
8239 5720
6610 1674
754 2132
2347 616
9028 5963
4482 4787
5836 870
1416 5237
8691 3396
2553 5216
9269 946
5901 5934
2576 1917
9104 5608
2617 2136
2518 3711
2585 4013
4253 2193
3 3796
7018 158
9013 3338
6430 547
4808 5962
8263 3847
8663 3480
6447 7377
2149 5098
3809 2683
6319 5680
8475 3339
1768 3584
4712 5602
5341 1346
1908 3851
2967 5023
5051 3569
4570 5766
2615 523
9950 3094
2928 2542
6334 2779
5129 4606
9652 3432
8554 7037
609 5272
727 1924
5278 4034
8738 4972
4717 4190
8686 3451
5672 4544
6780 5883
6931 1125
7355 1541
3 2389
912 4603
9510 4050
5564 3825
2431 5357
2921 4235
6856 3840
4790 4971
6393 570
3989 5250
500 3617
1300 4448
7813 3918
3761 5861
2604 2254
4704 4600
3242 1441
9181 3227
5132 5394
6662 401
7307 4611
6991 5322
2270 2902
9657 4660
6796 571
4640 4689
9333 5722
4545 2466
4690 4577
2485 2370
10022 4670
4464 2807
7376 5628
619 1130
2688 5166
4263 27
145 2711
10032 5399
5796 4532
9679 434
4367 4104
6078 4284
9482 5534
1042 2383
6124 3550
1816 5406
9240 2217
6525 4431
1097 1858
261 1377
2785 4232
9925 3399
3217 4053
390 4088
4106 5477
375 3068
5766 4454
7820 1639
407 3133
8768 5085
3043 6996
9640 1775
917 8669
7289 8273
3329 7213
6170 520
6052 3996
3241 4409
9673 2572
8611 8570
9344 417
2284 6973
8957 5848
3303 5623
483 4023
10031 2429
8580 8110
2094 7161
9681 3995
8775 8543
74 4729
5102 4259
8139 2855
6276 1970
5484 4302
1084 4343
2998 4566
1447 4738
7081 4443
4348 4069
9616 1683
5796 2423
10136 2892
3369 5408
108 5198
8327 4290
5107 2762
7920 7081
1920 3724
7632 4867
708 3458
8034 5274
7612 1836
3424 3936
6605 4548
4938 3242
7228 1083
8936 2283
1353 3577
5968 3651
1552 5784
10148 2362
3590 2616
354 5536
2359 6706
4294 109
9182 3413
1427 3304
8376 1166
134 6590
8862 5181
9246 3857
8422 5020
3795 958
6143 2898
2339 2174
3121 129
4433 3550
9673 4870
7938 373
6972 7503
7063 3073
2512 1982
8216 1004
3203 1986
8653 222
5052 5726
6910 4654
7832 7987
5426 4713
3204 5424
7152 1965
7705 3866
3999 4789
1096 5434
5514 3156
3568 4281
2093 2522
3627 4114
8378 1295
2848 4549
10031 3466
9953 4501
8503 4922
8923 4944
2645 1365
4243 53
4864 4025
5064 5754
9666 5695
2136 8133
8498 3422
2121 6993
2891 523
2168 303
2063 1812
3978 4895
211 4084
6075 5434
8766 5588
9033 3349
1762 8485
3145 1215
2815 659
4645 1244
7766 2737
2729 3878
9106 3056
2517 1221
8584 4821
6256 6726
1112 1248
6753 1417
1475 8537
5825 1136
9042 5628
8793 4051
19 4164
6035 5193
9745 5095
6420 1946
7320 5178
3430 2924
8611 765
2455 1119
5810 2106
6227 2068
3485 5398
9093 5366
1004 1914
242 1311
4590 2776
7008 372
400 971
6788 2009
713 416
3264 3595
1311 702
4960 2349
8248 3495
9075 1394
4955 4008
4478 2939
5997 2150
8347 1750
6432 4853
1252 2365
2249 3380
3595 4404
4244 4023
8018 5688
6370 2528
8061 4499
6015 3389
2164 5660
6438 2036
7209 1000
3819 1492
3428 9233
3346 1017
8961 3143
93 6309
2250 615
5499 3253
831 312
3666 2938
1302 8506
108 2205
8683 3280
8589 4144
3341 2626
4397 2583
4420 1240
5770 2832
4291 5430
5979 2883
734 5330
333 5600
2808 2411
3515 5419
9354 1333
6858 9154
6769 1667
7442 5539
7323 2087
8417 4337
5029 3181
99 347
2804 49
239 1783
8338 3871
5799 2549
5880 1211
9113 841
2395 7395
9289 3696
9988 9631
4555 5099
2829 525
157 4934
6644 4958
2991 2266
5752 3140
2314 509
5282 1061
7170 6710
340 7865
460 1420
7463 4955
5325 2826
6534 4840
1393 8334
9817 3448
4867 3384
5054 269
690 904
7146 2950
1528 4743
5038 7568
4688 2104
8992 5362
19 2311
5632 6852
4787 3200
2785 2827
4428 3374
5337 2183
5324 4237
6892 5354
9231 2525
4309 6725
6520 5190
6351 7458
1373 7327
9375 2709
8305 5192
3925 2375
5813 5574
1326 5261
969 5588
5356 5275
883 5714
9954 5343
5381 1245
7924 2068
10030 5391
5115 719
2730 5560
3915 1813
3863 1464
2579 1171
2251 1481
9189 2909
9949 6125
161 2572
4629 6787
5527 3826
2618 8564
3461 1488
3635 1013
3407 2980
8579 2235
4339 1477
1498 3507
1571 4180
9261 3341
208 2073
129 1296
10084 5844
241 6995
4911 2917
1638 1108
1594 706
6545 4250
8946 2496
3196 5450
8859 1733
7638 4790
1398 1669
1197 4613
9421 3406
5261 2868
3115 2632
2512 1769
7846 7957
2152 3571
8357 4977
9649 5964
7445 4217
624 6509
297 51
8861 5251
1803 4470
7801 7663
7429 3671
2863 6605
5517 3821
35 3278
10151 580
8898 1941
532 3662
5878 9259
3558 8027
7978 4132
9707 3720
3996 4166
9661 3867
1591 1021
3517 7772
9767 6025
4442 4364
8859 4837
4146 5438
4196 1511
7312 5789
6277 1793
634 1912
1 4668
328 8749
2453 3513
7258 7076
7543 3495
6364 3655
1639 7466
2018 2166
2372 392
5102 4472
3494 4367
7604 4293
117 3049
2866 5253
3649 7296
7731 7264
163 576
8395 3088
2958 2677
2385 6719
2331 906
6942 9461
282 3424
440 2127
2409 3020
2440 3575
7518 9790
8945 3659
4792 313
473 6298
4658 5140
4479 6517
3336 2302
2266 1420
5338 1276
6605 1547
9374 4148
5148 4745
2236 991
1148 4468
2857 6349
102 1282
158 8007
3371 1337
10073 568
4946 6174
7408 436
6911 208
4631 2950
2313 2754
6988 4719
8058 6987
5820 5162
330 2195
3690 1581
5245 1203
7416 2126
3821 3852
6583 1611
8267 4899
9391 670
3724 3407
10148 5327
8330 3946
6440 5046
669 7510
3839 8592
3249 580
2918 3168
7630 2870
220 5229
6936 5652
5442 5931
5771 4264
9917 1176
1562 2581
3570 652
8098 285
4989 4256
1176 4973
3449 8864
6904 3800
5573 865
8150 7164
7744 1717
396 8014
671 4706
3808 4696
4050 5077
5592 2042
1657 4779
1704 5216
5024 7192
3416 3184
7834 7062
1336 5134
6233 1840
8980 8827
6986 3268
5215 777
10048 3888
5053 1436
10051 3757
8223 5223
6145 4058
6180 7182
7304 5637
3261 3007
4650 2272
3348 2130
7905 1422
6540 1132
4206 6357
1328 2241
778 4529
7005 5142
5624 3798
8722 81
2400 3011
6019 1952
6009 190
4092 37
1772 8375
7499 4803
977 5514
3145 5360
9525 3668
2606 3627
6939 1054
8335 8483
5379 2125
7056 4970
3080 2892
9281 6566
20 4982
2799 5658
6643 1761
7818 3709
1325 2652
592 4057
1158 3521
1822 549
5230 5446
8734 4676
7572 2967
3477 3687
733 5193
7871 9091
3007 1030
692 5040
2889 295
4148 5072
936 203
829 1897
7475 734
999 8026
3812 3533
5471 4529
527 2036
863 1469
7567 875
6756 3687
4315 5438
7097 3226
4619 807
6284 654
7916 4412
196 1684
6138 2237
10013 1253
7940 6463
1432 4953
6284 2272
2784 4802
7391 3956
8684 4667
9896 3668
7745 1517
9820 2744
3360 879
9042 6498
6288 2898
9732 3851
761 7865
3938 7469
9923 3504
7532 867
9731 4267
7778 710
7629 6388
10024 1127
7113 3612
6910 4327
1131 1940
677 282
568 262
1222 1258
4459 2742
5098 4716
6506 3376
8484 3933
4418 2932
5092 5038
9364 2344
2185 4511
6684 1154
4774 5075
267 1817
9229 492
9908 4799
6810 2322
7087 1223
9237 3840
7366 2160
4918 2859
9646 4632
3349 3949
7460 6103
9732 5737
6423 4967
7024 3603
5141 6747
9060 8019
7934 2121
9358 6056
617 5122
6504 3916
5219 5667
6974 3601
4569 4742
458 1440
9547 2705
2775 37
5937 3552
6592 6498
2310 5070
867 4419
6602 4065
6988 6803
6372 3182
6220 3837
7354 1795
1525 6027
6554 5072
5075 159
7936 3734
1402 1430
9197 6046
5506 748
9490 1873
7121 2443
4824 6452
9987 3822
8818 4395
2162 5233
9816 3156
1018 6174
4765 2939
1960 264
7178 3301
1132 3494
8380 6288
10100 4802
4261 2966
8136 2749
5123 4816
5544 2641
3977 3643
4055 4294
1380 500
6473 6232
7615 1081
6824 9003
3657 3517
7521 2760
1987 2860
2574 2519
1116 1238
9638 2552
7876 4416
6798 3210
536 5212
1131 2798
4899 4498
4245 5970
5989 4793
3579 9282
4497 5642
648 6847
6555 1305
6188 2713
6802 2984
142 9084
6524 1851
9249 3791
7255 8443
1950 1661
3539 2542
8680 77
8937 5258
6882 3977
6816 971
9808 5052
7904 1987
8634 6033
6871 1546
5865 2932
3124 1338
8573 6094
140 4337
3821 4564
6700 5883
6668 2330
9566 168
1533 8239
1393 1875
2020 1348
5590 3055
8770 1347
8008 982
5379 7914
5672 4733
5998 655
1155 751
6075 4366
4518 478
3444 2080
9763 2561
5814 1960
9627 3083
1260 1246
5741 2190
5626 4847
4591 1385
9900 3650
8823 3052
3696 2704
9298 405
9120 1147
4064 8941
7164 1618
508 4218
8104 7165
8507 5994
730 6208
3259 1431
902 6227
773 498
760 829
2768 911
6939 4689
7021 5674
5499 917
9978 1312
8459 2777
3144 3925
6373 1761
3602 7852
2713 6980
6046 4667
6137 7261
662 6755
4015 2779
6211 8635
1723 2895
460 1013
10092 21
5949 2003
5098 6434
9530 2159
2403 2756
2244 7635
3221 608
62 3769
2330 662
1095 5304
2057 3270
6903 3426
8526 1877
787 2568
8951 825
4374 8570
4717 3024
6168 8607
3465 4482
3933 3745
3450 7336
8057 5188
5134 4213
9373 3361
2371 5321
6051 2572
273 738
4112 5288
10144 3618
2594 2854
6381 2986
8579 2060
3585 3536
6462 4555
10136 4409
7186 1916
2803 2726
5226 882
6658 8155
4787 897
6385 5956
2139 6016
1556 473
4737 396
5359 4120
9590 2097
5268 8747
774 5425
4814 4603
502 4532
147 1246
731 8437
714 1716
457 4581
7368 2693
1976 6972
6796 3208
2163 2565
6383 2234
9093 1362
8075 3817
7351 5259
4643 4649
9825 5077
5867 3661
5331 3934
7838 4477
3017 4519
4683 6140
4422 4628
2359 8834
5988 1072
3220 3178
6988 4841
3809 3229
4413 3569
8431 3375
6357 3788
8761 1145
8549 200
7242 9589
4579 8013
2864 3612
4094 3179
9337 5950
6734 3766
6192 3070
3609 7416
9088 1263
9729 4385
5688 2782
2673 2295
8112 3710
1354 1075
1255 5260
1564 354
2849 3363
6038 5216
3549 3928
1750 3893
1842 6280
7887 4093
7612 7153
607 4243
7228 2128
3181 2343
3422 2571
7099 3265
3855 871
5060 2962
2285 997
279 4586
5001 4400
6848 3578
1553 1033
6967 3847
1945 9814
339 7436
3085 3826
4498 5052
4509 7030
5365 6187
9066 4930
5812 5308
4088 2608
8344 3105
9225 4450
2216 1904
806 9113
5289 2569
8660 8318
10129 2925
469 3120
5532 4771
8756 982
7785 3937
2542 2751
6432 1884
877 5190
2220 8521
1071 332
102 65
4882 2317
7078 6256
2447 2685
7015 7234
5202 1905
1791 2271
3242 5351
1346 3829
6689 3863
4339 3957
1430 5156
4433 2724
756 1559
2470 5373
2432 2042
4649 3322
1429 2713
3509 4823
5786 2742
9680 2961
6138 4686
7287 4360
4670 3236
4834 3376
2611 6374
3787 475
3375 1692
6193 5477
8975 5808
1501 9232
4482 4797
4140 1976
3043 316
3524 4483
336 5346
5295 6823
3298 3495
5644 1000
7688 4617
8185 3081
5465 3453
206 2542
7728 5936
1576 4091
5062 3643
1839 3928
4601 3603
7196 1887
3512 6168
9847 1183
8837 6481
3524 3840
5000 2511
6050 1312
9040 1828
1859 5646
8478 3943
8248 3321
3178 21
7607 5186
7166 4107
1713 5840
8628 5656
4026 2764
801 1149
6430 5488
7706 1545
2927 8627
4310 6340
8686 2038
6180 3372
8526 1646
1508 8710
5435 4704
2837 4834
9046 1233
7834 3687
8826 4691
3627 5322
4169 3554
7351 4270
3828 2540
1505 241
7300 4146
6349 2608
918 5763
475 5412
2138 1961
1944 2454
8010 1614
565 9901
2670 1826
4999 7411
5390 5249
400 1746
6555 2479
91 5301
7808 5376
5607 842
7205 1253
9451 5554
9233 1676
5851 2406
7964 9597
8337 1550
8810 3127
6093 3080
8436 1782
4038 1369
6585 7585
4718 3277
3063 3877
5799 1134
2891 30
2435 4949
4046 5717
1733 1425
5307 679
602 1239
5931 9786
2914 881
131 2723
4296 149
3528 3373
9994 4877
8692 7007
5110 2200
6384 4316
5265 4482
4228 5472
3386 3296
6843 7145
5857 7943
7616 3009
3299 3595
9476 5303
8804 2143
7764 3088
8191 1744
5124 3739
807 3101
5213 8724
7471 2719
3212 3023
8958 5304
6545 229
9975 4944
7468 4250
7577 485
9293 1955
324 3520
54 1947
5074 4854
9220 1353
2044 2116
9525 4661
7945 3021
5904 5131
9312 1349
5358 4304
765 5615
2975 718
2802 5927
3564 4169
414 2774
6983 392
8178 5066
563 2983
4315 3764
4755 779
6765 1517
376 4507
7690 1068
2069 6265
3513 1887
10065 4058
7953 3034
6487 1747
1503 7335
7603 4197
4735 3889
8002 224
413 4642
4508 765
10000 2837
8394 4462
1990 4647
1167 7190
4611 3684
5290 1326
6264 4082
4196 4138
4658 1243
6584 961
5412 5184
1656 3582
6327 5618
4175 1511
1108 4305
310 5882
4874 3109
5684 1533
897 1224
467 2480
6141 5271
7473 5277
5957 1902
8949 5748
4466 5292
7045 1156
6453 1486
489 3204
1374 8508
2737 952
7228 4998
4604 953
2217 5254
3881 4107
2238 6558
1221 419
7639 1379
3527 6112
260 3414
6995 1265
6338 3102
1025 1051
6548 4197
3413 1134
4563 8210
5860 5245
8795 3578
10187 1717
1388 2217
9229 1434
3891 1425
9355 5283
8027 3920
5558 3719
1346 7055
9939 5111
1509 3490
45 2946
6717 5208
158 51
2967 263
1351 2088
4087 6684
9236 2319
8536 2799
3157 4320
9122 8059
2333 4953
6665 7122
6648 4818
8437 1949
8801 2973
1337 4241
2392 6414
2081 6628
7635 4160
9869 1473
3095 6721
4708 4737
2125 2071
9961 4822
4757 3043
2620 5437
2743 3981
6734 3057
7239 6135
8504 3295
6008 4204
4301 4404
8836 3451
2158 2694
3065 1752
8724 5840
7994 1636
4945 1313
8182 7619
5099 7484
9842 6799
6952 6698
2941 8603
3392 2937
2458 262
8805 4386
6672 2208
1175 3689
7431 1295
2594 688
6597 1412
7372 3608
3963 5945
4350 3956
5375 5073
212 6591
6805 1794
4471 691
3046 3179
1165 5200
1909 2835
6524 4933
6059 229
7324 4119
1085 4526
5107 2919
9242 1759
4246 4553
3376 1300
6609 1162
9644 2669
8865 7476
2002 2219
164 4075
2035 6033
7977 8899
5044 1343
6387 3356
6703 2111
9977 5200
5070 8180
1087 2881
1061 5494
8420 4865
3591 5001
3468 903
5835 4598
1170 7382
4533 5052
1645 2256
7493 5351
6198 6824
6475 237
8966 6140
5256 7318
3425 5767
9850 7593
3910 2069
8011 5531
8371 1846
5889 6031
7364 3633
3413 7115
9131 5701
8567 2008
6464 679
4730 4336
8809 5316
9603 3415
2883 3710
8491 1480
9193 3694
10159 5722
4486 339
6136 4137
5968 5427
8252 4646
10002 5262
8563 4326
6370 487
9269 5143
3598 5505
7109 3548
4991 1931
894 1483
7120 3274
5095 4953
8491 3336
4389 2649
1622 1144
1762 6195
8165 5909
2878 815
1554 5476
7689 2578
3125 1477
646 1206
1259 4895
2562 5261
634 5696
9644 2257
7544 5958
1954 1803
350 2868
2143 4043
9083 5300
3297 4208
390 3022
1922 5664
8748 5685
1020 6085
2338 2407
822 6000
751 1719
60 5704
6801 2456
10040 498
8046 6090
3536 6080
5593 97
9589 3462
9828 1732
4635 4250
2815 5605
3225 2612
1397 1666
851 1097
9634 4688
2766 2839
8511 1836
7088 5123
4111 3751
6850 4811
6271 2576
5825 8505
8400 745
1703 9079
10019 1483
1666 5182
984 851
6701 5660
49 4866
7529 9795
39 89
7126 420
8287 7680
8114 112
506 4702
3617 3326
5540 6784
6851 1833
6246 2790
7205 7855
174 3089
3175 948
835 2025
2029 1190
3049 3151
10045 6035
10165 1828
6676 2867
4570 372
9222 5349
4781 6524
8483 1278
9559 1725
6988 6501
2738 2631
3266 3973
2847 3234
10110 4207
1057 842
3145 7619
3082 3258
8148 742
9359 3850
6119 4022
7413 2330
6163 5985
5300 5626
7150 7788
1468 4506
5611 2761
5273 102
8374 4378
6740 5365
7055 5262
5435 4264
198 1129
1211 2681
6355 5011
1282 5493
3433 5643
8560 3380
164 5828
7819 5716
9565 2839
165 3639
1714 180
5147 2643
8810 3531
7551 2711
8024 202
1730 2902
2950 2824
9231 8083
6063 9657
4003 2156
4456 6090
4411 6483
6596 3427
4624 3711
9471 2902
5459 3874
5375 5567
616 281
5608 3604
144 2456
2378 5447
909 740
1420 7131
2820 5525
3923 3679
2609 5137
640 3860
883 4750
6191 4845
6312 4831
534 2723
7039 1131
233 1891
352 822
957 3163
7338 5867
8622 2236
7255 6140
7480 2620
1080 1148
331 3907
1990 5400
5079 3322
4037 1959
4674 496
7743 7971
428 5629
1501 626
7589 2191
7792 1863
2125 3653
3135 4158
2531 1703
3670 4800
6084 3816
1719 4539
6871 3945
7414 2790
4016 8917
5630 5539
7888 4707
7427 6727
8403 3065
5137 4509
6879 334
2641 6078
4345 5491
4953 5621
6914 5576
3113 3616
9915 5006
7161 3997
3256 3538
3949 2293
4430 911
10178 4416
4285 4598
4396 1519
7045 1069
8788 9869
10185 2241
6213 4672
5341 5826
4511 1601
8174 3448
9115 5822
3127 4434
7387 7639
946 266
8566 5446
6708 1696
7900 4591
7203 3089
5505 4849
4776 5630
7622 6104
6964 529
7519 2369
2402 1968
4017 1841
9449 4487
5228 1256
808 71
10150 6563
8889 2821
3554 2451
2955 2963
9563 683
7186 1494
4919 1323
7077 5466
7461 5773
5026 2040
5913 5854
879 1251
4702 233
8528 2498
4045 5807
801 98
6578 1101
9219 5051
5990 2754
3222 4353
1899 5783
5604 3153
1368 4716
2699 5904
4501 4638
5377 3260
9972 1357
6053 3097
8447 4247
2049 6678
2789 1601
5215 1326
9289 3118
5727 1965
2000 4180
4766 4597
3637 4765
5749 2257
1952 6188
2942 4802
656 2410
1684 2305
2176 1239
3564 2551
5136 5515
2194 6937
7246 4110
9784 1693
9955 3327
4890 5017
2459 5966
3421 6252
1756 2575
8148 2566
585 1195
5525 3474
8207 3730
8669 4161
3257 3180
2138 21
1311 1605
9347 987
4504 980
2377 3188
3638 3041
6096 1835
1318 1505
1892 966
3100 1658
6686 2181
4052 1145
6135 1289
5159 439
9621 5921
8457 3593
452 4491
701 6052
6244 4586
8824 5070
4747 2596
9673 3425
6906 3454
2312 8086
795 3410
9824 3819
2934 3774
7288 5812
1389 3553
5849 5875
10135 1450
7749 5402
5443 3434
3059 6443
8145 6055
8881 6061
9926 4505
5292 5413
1113 6053
1990 1960
4876 1114
3757 8200
4177 4510
1196 9651
9701 3802
9021 846
6583 5875
8007 5776
2057 587
5216 5383
4015 4935
8942 6710
9286 2665
8033 4533
5608 5277
5444 2772
6057 5683
532 1925
3654 4624
4854 6034
4418 467
4528 5123
10193 1308
1057 2866
4388 1618
581 5165
4921 5306
1964 5733
4564 1264
8439 2100
3539 4140
7524 2156
6175 3173
844 727
5640 6253
8181 406
9286 3083
1313 6250
6374 4184
9055 406
8532 6241
3609 324
8649 4170
77 1661
2485 6356
3413 3445
7483 4516
5642 3485
5966 3274
9000 3922
9925 7095
6729 3861
7773 3991
2373 2018
1979 4113
2019 3939
194 825
8985 5045
1360 2528
8766 894
5297 5438
8859 8243
708 3638
8861 5789
1889 328
2589 2693
8296 4647
2994 3917
6079 1002
1883 1681
6873 2131
558 1916
5401 3086
6183 5865
8898 994
10010 391
6979 6364
3879 5937
7004 6501
2920 1598
9582 6639
6512 3070
7782 5713
1939 2706
8204 3136
252 2402
6369 5138
1252 7853
7659 4997
4005 8260
8789 546
9023 5877
4621 6231
9293 7772
5499 4185
9759 1531
3762 213
3990 2855
3051 7062
3786 5400
8786 2288
9908 2216
2239 730
7764 8321
179 2509
5904 372
2099 431
5953 2750
1529 5900
4343 4962
1951 1486
2782 5947
1656 5283
10037 1133
5157 538
985 3391
6593 4045
4714 4517
8429 2222
7080 376
5259 1391
3938 3242
8904 3788
3274 6264
8056 8266
4679 2939
2388 2862
1930 603
5121 2213
523 1860
3910 8805
9873 2244
615 6251
2066 5705
4545 1731
3341 6187
4158 8174
9527 5977
1978 1737
8053 5409
5016 7024
4569 1415
8027 5416
4843 1161
615 2597
863 7641
5503 3885
7233 265
4559 4695
3642 3205
7452 5023
3512 3821
4026 311
7614 6211
5361 2483
9433 920
2337 2764
557 2855
7665 5592
8060 6510
3140 1248
1885 4641
3313 528
3151 2779
2609 2559
2942 5373
5408 1235
8824 3557
7564 4567
824 6083
7242 5858
8596 8315
4814 1530
8064 2421
6101 2693
2946 5463
5015 4309
1908 7988
3486 5656
723 1492
1078 8109
3212 2477
8896 2566
3692 2137
5574 5544
7989 501
3349 4512
9891 532
8587 6416
8330 2095
1381 3653
2190 6366
7365 5460
1933 2689
8339 6373
6341 2111
807 3210
21 6986
6974 2015
8064 4879
1328 6114
5181 1513
8365 7613
1101 2109
7864 6322
1841 4584
9529 238
7840 3494
9407 3935
5230 3411
3798 6519
9890 7736
4950 7684
6716 5861
6790 227
473 6043
6933 3897
9824 3036
4224 2287
6598 4644
2581 4189
8928 2674
8819 6580
5561 6428
6326 5759
9186 3407
6296 4078
7163 2968
6018 5155
5174 1025
3953 9442
4328 6499
5087 3542
9915 598
10008 1579
4744 301
7037 3401
1658 2600
10059 6455
2963 3223
905 5036
7801 4891
625 2327
4742 2078
9852 1886
5114 4606
680 2752
2169 1323
5190 5789
7196 5099
3556 5576
2490 6613
5260 5947
7223 6730
4020 7064
6708 6472
2130 6084
3217 5451
1926 7109
2063 3120
433 6604
7861 1944
3042 6088
7033 3443
3743 5453
6190 8665
6234 8888
8904 677
704 6626
10155 7497
1268 4472
5330 5760
8632 7838
2875 5328
3957 3430
6201 5553
1965 5996
8690 5354
7476 6111
6048 6365
5727 1221
6059 4997
6784 2082
643 135
5541 130
753 32
14 4164
1649 1993
1658 6320
1869 5682
5523 6374
8164 4707
4265 5699
325 6088
6730 6603
4316 6217
2048 5140
506 5535
7381 4855
7649 6003
4407 6905
8550 5946
3293 633
5642 1383
5742 6702
5413 6229
7876 1500
6447 3875
4116 3927
3831 6552
1868 2379
106 6324
4611 8176
3342 5663
9616 6278
2634 6104
1644 1947
7533 563
7237 4918
9175 5686
6185 4214
8852 5239
8394 4997
9843 7741
3153 6771
5509 3613
903 4995
5671 376
3172 2433
425 1765
3843 4122
937 5503
4512 5470
7888 1009
9834 6548
7886 1617
316 5065
3290 510
9339 5622
8467 2480
5315 1635
8544 3060
9100 1265
3829 6814
9452 614
3874 786
6748 977
971 4587
10124 6759
834 3665
1835 4779
7116 522
676 463
6062 4316
4722 6202
1324 6262
1037 4009
2869 5442
3208 6382
688 6060
4048 5296
4131 1958
9309 674
7295 4756
237 8742
9356 582
3327 6879
592 4627
8458 4376
902 893
4870 7084
1820 324
7397 7221
3527 3405
4979 4644
7106 7893
5220 736
1550 1033
15 5914
331 6704
9054 6275
6903 6836
6780 3359
3377 4893
10047 1413
3380 2292
3280 4597
9527 4095
8865 6772
3202 5735
6834 6798
6477 6317
4437 8156
2960 1302
690 2033
10109 6350
6471 1888
5915 1606
9511 9102
7809 4013
2683 3283
10100 3119
3139 2330
4807 4817
8694 5537
3436 1619
1574 2364
1038 9165
5441 2868
8633 3215
6034 9343
1779 4977
8104 1382
9207 3951
8862 6540
8792 220
1363 649
1308 2960
5534 1543
5740 9171
1444 6869
6961 2069
1169 673
1497 5035
4418 6823
9435 6613
9011 1143
2990 6968
162 8426
4750 6334
2012 2587
5195 3719
51 3632
4965 5668
7667 6225
1029 6975
1086 3829
1570 6690
199 6789
2683 868
5800 5599
5639 2836
6679 3407
6334 3340
7094 9379
444 6168
4675 1620
4246 330
3590 2927
1681 2621
6655 6335
5243 5209
6263 6899
288 5890
9522 6897
1944 2383
5414 6673
8907 6386
2150 4655
2385 1684
8062 5454
822 4470
5818 1617
8558 7872
2566 3150
3171 3062
9923 6573
5554 2635
4447 488
4310 629
102 2078
10045 6710
6483 1125
7422 731
8357 115
3205 6864
9183 6125
8276 6388
8833 3084
4244 1586
2355 5109
7601 6260
8131 4648
7426 1336
9067 6658
3206 942
509 6663
3841 5595
7580 3739
3119 514
5379 3667
3304 88
7910 3864
3656 6106
4398 2361
1665 5651
2149 1156
5608 4169
650 7237
1027 7685
1581 931
238 4445
2171 2637
5715 3159
4718 16
743 7129
1968 6948
10030 1124
2635 2952
2573 5266
5157 3124
203 1279
3432 2009
3085 111
7262 7953
3441 6399
7183 2234
10182 3165
2272 1534
2085 6005
9685 3693
412 1871
752 4883
8409 2638
4907 2669
9506 6940
4613 538
6889 1907
11 6561
1843 2971
3198 5518
5023 5991
9796 960
5520 1685
1121 3567
3007 2719
10055 7811
177 7169
3790 6449
7158 3543
2058 6084
901 4282
4973 667
1562 2366
7968 4394
4832 5970
7970 1486
8484 6421
7375 4200
8959 3577
2640 4357
6649 6585
2063 6128
8114 6602
7486 1422
5165 943
6882 2548
39 9137
2859 445
4037 3199
4864 1137
2831 3774
2850 491
5812 2992
6850 5715
5523 6971
6361 5378
6182 2330
2319 6396
244 2871
6185 2729
4951 6907
8299 2908
3225 5816
3411 1364
8706 8322
4264 6981
904 2878
1209 3946
4684 7529
7487 1304
2 2439
1050 1335
8155 1681
6296 886
401 195
1880 233
6742 5611
7239 3189
9926 7159
5887 730
363 1262
5349 6100
2965 6007
681 6481
3248 2618
1132 6394
2192 1829
6443 7187
4659 4219
5566 1894
7413 968
7796 1961
7541 3465
5630 6664
982 1889
7973 7279
9723 1665
3735 2515
5803 968
190 7270
5402 8567
3884 2120
8304 1998
3070 6866
874 205
1052 6109
6142 2115
1042 6586
7097 7051
7538 2962
1136 2747
8490 502
8182 4511
2160 6540
2168 3290
3138 5419
9071 5035
6449 2964
5509 7082
7152 444
6918 610
6621 5018
3771 211
3394 7295
5171 7255
3582 1074
1398 617
5567 4833
5267 8313
10174 2918
6344 6222
6017 4901
8007 8762
7780 6953
1077 5488
3231 625
5727 7131
4026 3616
4238 7423
2850 7186
5573 773
1304 1451
9397 2539
8761 1933
2333 3127
8100 6561
2849 7304
10038 1191
3967 1570
3048 5961
6221 85
3924 5263
6425 7131
1826 7152
7657 114
5635 6532
8487 4954
7379 6804
1043 5405
8605 1575
9232 2068
9625 478
1411 6892
4986 7187
3239 7187
938 1056
4079 6864
4619 6682
1344 3908
4088 3415
4649 2908
2606 2513
7621 1530
6273 4200
9076 4889
7294 4086
2206 5040
7402 4512
3645 1704
7786 202
6406 3477
7019 5027
4807 5831
6543 7213
9877 391
9525 4475
9274 4257
10049 2804
2340 722
6471 459
565 6220
7393 6814
2375 5354
784 4873
5537 2332
3330 7324
9898 2147
4346 7201
7187 1536
4700 9288
5669 1738
6928 7329
8012 2109
1376 2990
6659 6316
8784 7866
6475 5894
3631 600
9917 2737
8113 7108
10193 6945
4671 1991
105 4487
7201 6469
4512 1609
5471 7241
1593 1659
8442 3655
6436 5755
2606 6559
3404 7247
4647 699
9670 2558
8079 5988
3676 7514
4859 4195
5624 415
6777 7121
3777 2529
5870 2851
8480 866
447 2798
8408 1569
2798 47
1809 1234
3321 598
3183 6888
3506 7327
2570 7111
7719 2564
930 1802
4039 8404
5532 6411
567 4993
9466 5588
9545 6931
7816 6674
261 2254
4712 2258
6802 3342
6296 6685
734 7001
6535 6180
10118 6899
3949 977
3192 5875
6966 2927
3836 3856
4739 6985
1617 8146
9274 194
2958 2241
4197 189
3044 5850
7846 6247
2498 2104
2692 1526
2516 5224
7194 534
8513 2292
613 2764
2169 2024
826 3746
3404 7553
9798 6936
2859 7327
3723 3595
6539 2863
940 4130
6547 1170
4651 6673
4639 6670
9520 4821
9203 7124
3596 6724
9620 1188
9295 7022
277 2805
5677 7640
10062 5280
8334 2702
2738 4347
6639 1702
7144 670
6542 7543
8593 6525
10114 959
6056 296
4559 6320
5626 7610
7364 1820
6848 8949
4474 1100
2578 6748
8594 6872
3541 70
2425 7125
9251 2187
4200 7084
2564 1906
2959 7518
915 1901
2782 4447
4414 213
113 7513
4432 5146
2523 3166
3484 5770
7624 731
9606 6382
7222 5890
8267 2295
4708 6777
6523 5999
5663 2004
9215 6187
9088 7313
3759 5503
2383 7100
4026 6480
9006 7602
8258 3888
1177 1143
4915 3909
4189 553
5703 2739
7840 9603
6220 5787
7533 1451
9281 6557
1249 5228
1292 2430
7542 2731
9782 1987
2774 4960
8110 7566
1998 6167
2379 1458
542 6142
9307 2675
3700 7052
2866 2812
3323 6370
5281 6974
9082 5914
2111 5198
1737 2367
2218 4748
4448 1437
1530 7353
3372 856
3852 2470
2985 5455
3014 2593
2420 2178
9714 3418
4092 6187
3468 6335
3989 6153
2353 3061
1211 2433
3957 1733
1891 4967
7893 1665
4515 6810
517 2445
3209 6694
9295 6953
7401 2231
9141 6523
7000 5844
3118 4486
7376 6156
7800 5794
5858 4550
7199 7402
812 201
4401 7355
6855 1816
7138 2918
7759 5445
3541 1100
5051 7572
4597 2545
1576 2396
1223 6963
6226 6547
4369 24
3988 7437
1729 1695
9632 3680
531 7127
8004 2246
6708 6749
4603 4696
1764 6918
2659 5502
3352 2125
5064 6536
483 5013
5576 7546
8426 5050
2606 4009
2143 6927
8314 1443
3710 1423
1700 5237
5445 6393
8870 209
3461 7795
6360 6609
7020 3554
9217 3362
1128 3785
4666 792
603 4602
829 7133
7755 815
452 6609
249 4406
1465 2172
1632 2167
9336 1212
2791 2134
4854 3813
1346 2140
7692 193
124 2268
7767 7386
10097 4911
1844 7864
9598 3809
4228 5928
8950 1333
7552 7034
4283 2473
219 4165
7544 7233
9741 4458
2634 1486
5431 2613
8107 1948
4299 6393
6383 179
2712 2441
9903 1209
7580 7382
7439 7605
3681 3297
7297 7791
617 6129
8202 1703
2966 2704
169 6252
5792 7172
8678 7465
7223 2710
355 449
3591 5939
8623 2404
6665 5783
6959 3463
3526 1914
1829 7669
9231 7359
500 2639
3386 2694
3895 3723
8001 2019
8830 418
2204 2370
8406 5208
2862 3730
4215 7388
5790 7163
6488 7264
3935 6968
6445 7863
292 7882
6777 5780
9700 1034
5666 2229
607 7707
8247 1069
2435 5844
3375 7616
4495 6759
4248 2715
775 7027
59 2096
4517 8780
7720 6982
4287 5673
3017 3978
1004 6115
3804 1451
10050 2533
3951 3062
2667 7581
6244 7881
3895 7703
7930 7248
2252 1010
5147 6529
9537 7899
4053 4829
4269 6182
1615 1016
9277 6999
9141 1624
437 3283
133 7910
8833 8645
6402 5635
2820 7706
7413 1357
9608 495
2239 3175
3543 2729
2390 7807
461 7430
6827 2959
330 7506
6987 2887
1840 3241
4340 2211
3453 2309
1636 7687
9343 2396
2565 7726
915 6983
6406 6023
8850 6500
3250 1790
8537 1808
928 219
5223 7903
952 7169
7682 9
6123 18
585 7556
3626 361
1702 5737
7204 4352
2240 7094
1154 2279
8855 2250
4064 280
1700 4214
8138 6332
4640 760
2101 7121
3596 923
6993 3106
5590 7101
1989 4605
1773 7709
5794 9950
9553 1751
7180 2090
223 7704
6953 2485
5235 2173
101 6331
8134 5867
5166 6321
4412 7656
156 123
10067 1997
99 1313
8709 7315
6111 7148
7705 1364
7194 7191
7998 7537
7934 7911
3351 6765
4073 4669
4114 4806
5998 6895
10073 7763
4158 6307
1448 5115
5075 7381
1670 7522
5233 1173
3944 5459
2924 135
5176 7934
6601 1534
3539 4217
8299 7920
2022 7696
5526 1993
1899 664
6612 3006
422 6857
426 3936
4577 5743
2830 231
9534 3500
2468 4669
6476 4394
8367 6118
3089 4580
6568 2592
2795 5085
9105 5434
915 6595
2851 2723
6511 2737
967 7729
4583 2826
7460 5836
1234 6532
4961 6331
5949 7214
4064 8088
8763 6796
7080 801
2419 1945
2472 7412
6055 7715
5835 326
1127 6078
5535 7588
8712 3558
3194 2456
2251 7215
9461 7621
3084 6960
5671 1457
7208 6248
1929 6975
1155 7781
3781 2252
9067 2052
5277 6776
4303 7113
8433 5657
7482 7979
6028 8104
4310 3123
3357 7715
5645 1210
380 2072
8101 1415
6311 3809
5334 1287
1314 5678
7539 2907
3908 2257
991 3667
7993 3888
4956 2987
4275 7560
749 6876
2540 7622
9850 2994
4299 7789
1576 2736
8972 7418
6381 7986
2305 1015
8872 7078
4945 1284
9599 6806
6477 4207
6656 213
7845 6320
6131 7568
8443 6629
9086 8115
10044 7669
9877 418
1286 2338
1211 8087
8311 7740
1981 3529
5546 173
3647 6774
9059 8732
3782 7983
6543 124
9675 6722
1731 7793
6283 1936
3046 7284
1690 7746
2533 4972
3769 5131
6889 6092
5859 7964
4267 2811
7086 1011
9637 5856
4219 3034
7998 2251
7067 470
3009 7077
237 7563
1119 8231
8778 804
2139 5904
469 4891
7628 7164
9566 6726
3704 8064
8095 7261
5156 2210
6108 8155
9413 8256
2965 2312
9981 8079
5943 7980
5393 7552
4974 1728
10079 4230
2504 5373
3620 6547
7566 8250
7946 3689
2692 4368
2600 7676
9901 530
1726 5923
3791 393
2266 8183
2181 8030
8111 4858
651 6019
1545 3219
926 4251
5123 7842
531 3805
2415 2042
8787 7801
9825 7460
662 8186
9365 1458
9183 6005
616 135
7629 416
3688 2330
6527 5237
8796 7732
4467 6778
3264 6562
2078 3390
5760 7571
8249 7234
6811 3582
934 8479
4588 775
1241 2525
6523 6730
5453 1258
8710 8224
7970 1348
3584 6310
66 8387
9217 9656
7700 4900
6043 4115
5176 860
6737 1521
1939 5128
7281 1864
9132 7988
4419 6383
969 2018
778 7242
3125 8164
4758 2543
1459 137
3610 7897
5874 6572
2769 1006
4108 8217
9294 1354
4096 6393
5588 6213
3932 7120
2305 3268
3757 1233
5851 8107
7697 7454
4121 637
615 5301
8489 1341
3997 4278
5051 9823
9859 2142
1242 2712
330 8173
6364 1970
7876 1857
7053 1789
7209 9919
1833 7208
9756 492
3743 462
1206 7436
754 434
6728 764
1925 9011
2707 7646
657 9673
7733 2432
4802 8262
5944 5400
10120 8205
2534 8285
6017 1611
1670 8340
8329 8189
6980 7243
5753 7578
6075 7558
340 8228
7777 7445
4822 7974
1193 1512
3548 1804
2005 8161
8813 8454
8218 4632
2743 5660
5277 1835
6221 8181
9430 8149
1899 6364
6728 1864
7998 5554
8421 7734
8558 7191
2741 441
8064 8260
10040 9107
1080 8415
7604 7729
7641 2977
3630 1805
1265 8187
5669 7642
7381 2116
1282 848
3934 1941
6703 7926
4023 7153
2452 7074
845 6647
6295 7585
6743 1805
6994 723
5585 7062
2725 505
719 4770
7102 1814
2976 43
7299 3820
2248 261
9493 4034
5706 7147
6009 7930
9730 7777
7714 8450
7786 7267
6831 5290
2467 6985
8373 6087
161 43
2179 8185
6024 1789
9153 2045
7936 314
6246 5250
8746 8071
4193 7992
6942 1745
3626 1307
4257 8124
962 5524
2491 4419
5841 8255
5920 7411
4069 7933
9484 7634
9480 8113
9842 8472
3521 6917
3550 4767
3326 8175
2783 6423
4389 7553
8592 8670
668 6974
9777 526
1958 7948
6866 7588
3112 7184
3384 1483
6604 8354
5630 24
9109 998
6034 2814
887 8407
8060 2026
1832 1239
2512 8483
485 6896
3544 6382
4053 3085
653 8475
1956 2113
9891 6554
9570 2864
5554 6867
6471 7037
2528 8154
2758 8381
4114 8323
8321 7046
1936 116
4558 8433
4771 4346
2622 9297
4436 1132
8526 7224
1818 636
5056 8373
4295 4
9478 8326
2133 8090
1016 7200
1349 5542
1628 8482
6463 5037
2990 7633
4344 8528
9747 2342
3987 7832
6105 397
9707 169
9080 8552
4237 7900
3083 7603
2035 4315
3185 472
2851 2574
7309 8126
8866 45
8562 1420
3086 8104
633 802
888 8546
3282 7480
4611 8016
1875 4457
6878 2067
7817 8461
5280 6123
8111 391
8063 8228
2011 6221
3818 6335
8493 5908
2142 1575
3899 76
7736 3252
9771 6873
2900 42
3805 8100
5099 8648
1185 7099
8443 5220
6922 8412
5194 8320
3680 1975
6465 8476
1786 5338
6153 730
10165 7839
6927 7713
5875 6302
373 1785
7802 83
4630 8273
1807 5133
506 152
1566 4645
4083 8110
9853 305
3826 8661
6204 8377
3558 1063
8153 7928
7866 6280
6357 5304
3137 7063
3026 8354
7249 8672
9082 1636
3927 1030
709 1526
8106 8101
6473 8392
1953 4227
2812 2228
8260 8309
2584 6874
3925 7642
2699 5041
2113 1735
84 6106
6881 8605
5276 3539
3994 5776
9820 7595
5961 129
1126 4984
9511 8017
4731 2192
2300 7989
405 8045
6762 8153
30 7212
4215 7557
5539 8662
5965 8667
8050 8274
9005 4375
9168 7963
6798 4188
2969 7933
5084 8550
6640 592
4587 532
768 549
4268 8446
361 1360
2854 792
6032 884
8250 777
9005 8472
10073 8636
4864 1250
9741 1633
1663 7676
243 376
3265 5478
9300 1204
2965 8688
4549 8004
7563 7005
545 7829
6877 6929
999 8138
3634 1228
2930 1205
6369 7561
6813 8012
6578 2244
5629 1918
240 7932
4573 8268
4848 2816
5757 8738
7495 8466
9703 7303
4298 8648
1489 8312
9045 1236
5419 2092
140 2599
703 3394
8135 8491
7374 7230
7145 8693
485 3376
8817 7837
178 4641
8761 8543
480 5152
1592 7538
4585 5291
2670 8632
7971 8776
3941 5058
2165 486
1242 6640
9294 139
9049 8741
8252 7447
2417 8522
5259 8009
8489 9948
257 2033
1496 8417
8142 3610
8707 7393
6514 8507
6126 8010
7265 8381
9260 8474
3417 4821
1209 8086
4220 1083
50 7674
5354 1613
3682 7187
7153 394
6747 6977
4308 8223
6809 1958
8808 8097
8406 8857
624 3379
3788 608
6882 7588
6363 3108
6126 6753
2084 2235
10004 8797
5132 8648
9715 8831
4248 1846
5662 7104
1163 7567
9081 411
1402 7102
5209 6714
5351 2196
3550 8757
666 8835
3610 6484
1919 8029
7411 8128
5435 6341
57 8155
2579 5352
8159 8601
7599 8515
9719 6582
244 8369
9266 2291
5026 5281
2344 7852
6800 7455
9744 1235
3648 8517
10093 644
6318 5966
2636 2608
6051 992
9968 7696
5950 6138
5447 579
5377 4158
7288 4930
9968 8685
8023 9518
4904 8350
9306 125
9795 8577
4004 8150
5230 8588
9555 6873
7112 7764
8906 8135
2200 5590
3527 7544
8493 7277
5973 3181
3986 6517
8091 6908
6556 8835
9771 3463
7544 8707
7666 8827
4369 1453
2846 5470
954 8785
7005 3061
5035 8271
2991 2928
3969 7446
7584 7470
322 512
1092 3125
38 2590
1968 236
2885 1097
7240 8915
9326 1672
2115 4535
6479 8456
8407 8814
6949 8636
1311 386
8801 8968
6324 6488
6813 8080
1602 4365
9468 7404
5559 3961
580 8527
2425 733
10175 8687
10052 8443
2697 8994
5699 161
8003 8484
8874 6971
9679 8073
1078 8976
7221 497
8017 8837
6115 7119
956 7206
5605 666
4382 4146
7594 6759
1224 2534
454 1185
530 7890
8246 3125
9041 1052
2294 2488
4860 8865
8149 8703
1509 9054
918 8399
1141 8266
3345 4282
10054 8900
4622 374
7061 7559
7586 4647
8374 6875
5302 8409
6368 8905
7951 8960
6330 8898
6353 7793
5422 8729
3512 3372
3259 8666
6523 8821
507 9030
5892 8384
7899 8971
5607 8205
2858 6059
5745 8965
5127 7398
1027 1190
1828 8969
4083 6946
1921 518
2625 8646
1218 6669
2581 6944
8761 8619
5714 9109
4561 8614
9321 8423
8229 2809
3475 8797
7913 9051
8781 8563
7078 115
3985 9009
4728 4493
3950 5701
8695 2260
4687 6076
1777 126
8754 7550
5390 4777
9514 1877
3104 1486
415 5994
188 7884
9898 3357
7720 8827
1297 2439
4264 4231
779 2095
9797 8401
3039 8572
957 758
4446 3390
4050 8888
2069 8274
7649 7938
4493 4952
373 8727
7099 7256
4087 6015
552 431
7529 6478
2363 7857
9715 1684
2543 9168
3862 2788
8576 1238
7726 341
1893 7615
5874 8115
5272 8762
1429 2017
7273 5001
9936 9147
9018 9123
4131 9149
6535 9128
1076 1232
1137 9169
6102 3237
707 8191
1246 9190
6077 1552
521 8827
4535 83
3353 2450
6756 8410
5278 2039
4830 2436
2816 8774
1661 662
917 943
211 481
9469 8746
1388 9187
2103 2060
2314 690
8324 9010
1305 4683
5690 9201
6185 5566
6079 1255
6897 9112
1841 8707
6306 493
5775 2068
8762 235
7890 7501
8746 9174
2505 4993
4031 8681
6865 1066
8480 3198
4645 9171
137 1519
9343 7086
5586 615
384 8268
3784 7005
9927 7057
1905 7574
8485 3273
2510 8555
2250 8963
1464 7350
5232 6092
7101 9221
3703 9116
7549 8765
7065 7550
7763 9062
8611 7729
2130 8791
2492 9183
587 1099
4333 1603
6280 8376
8357 9128
7982 4442
6868 2966
7654 5686
2405 9108
2440 8205
4757 8764
6253 660
2076 9214
8806 787
6697 8368
9194 172
6807 8708
4747 9292
725 6159
6328 7924
9264 7723
3596 7321
8430 8478
7113 1057
7768 8774
1091 4239
4298 265
1219 2656
2348 8797
9531 7505
306 9271
7324 7247
367 8129
6359 9213
3152 8904
6068 9033
3131 8741
638 8844
2924 1182
8239 9260
3843 8708
10143 9262
8635 6501
7231 5883
7366 727
9557 9055
3721 5575
2585 8797
2735 3155
7501 8836
2315 6889
2300 9300
5510 8499
656 8966
4405 7843
2685 4848
8925 3607
1622 9280
1142 8970
4245 8930
5648 312
3205 8874
4242 141
423 8591
7169 9267
6247 1440
50 7822
6538 9278
4849 7660
277 4341
5770 6415
3278 9370
7440 1035
9171 8578
1568 7264
3251 8672
6097 9210
4645 9224
3111 7613
4097 9304
3257 9246
10069 9179
4841 9271
1968 9360
3499 8515
6014 7296
3989 9259
3743 3137
7324 9071
2573 9224
5109 8259
6245 9372
23 7595
1464 1734
10117 7898
2511 7582
4238 2883
620 9394
359 8536
3282 5206
7846 9177
9402 5730
2107 8720
3560 414
4058 2293
7823 695
920 8657
678 770
6028 9126
9088 9373
9687 8879
1112 9329
8017 9368
6023 9111
1977 378
5968 6456
4028 7956
9939 8360
8735 92
2914 7288
9953 8275
968 9339
1149 8960
2949 9330
2337 2091
7493 445
4801 5450
9571 6863
1314 3212
6756 8358
2670 9320
7213 704
8004 7063
6656 9172
2535 1024
2506 8134
8091 743
8988 172
8784 738
6820 2596
27 4489
38 8963
9767 8784
4154 8908
4530 3467
9152 3286
4038 9380
309 8585
1904 9335
3961 272
3299 576
1005 9459
7045 2558
9153 8667
7364 6105
208 8347
4128 8902
10160 9251
3088 1991
7741 8689
1202 8164
7916 9233
187 8606
1690 987
3154 6883
8202 9148
5841 9474
4726 246
1580 440
7918 1219
9348 8598
9391 9365
4622 9318
1067 146
4236 2502
5220 8365
8397 9410
4325 4795
1670 8552
6270 8672
7721 446
2087 7549
6907 9132
8978 2151
2958 433
1597 9481
6293 4112
791 8272
3431 7992
5597 808
2071 9063
5655 9519
5335 15
9326 9423
5855 7690
9199 9425
9146 1441
696 2623
5977 9523
6719 9296
7126 9168
9762 8804
6274 9607
6416 9029
2660 9553
10021 9240
6710 9237
9251 2920
8229 9217
3583 9237
6287 414
9395 8513
926 574
7695 9497
449 9031
2741 9304
9715 9617
6017 9103
8403 8357
1902 9643
2987 9053
5217 7992
1500 9239
1285 5054
2654 10
1997 8375
9995 9536
7633 9056
8270 6479
6781 9280
5767 8912
2605 8323
3775 353
7835 9315
5431 9437
8590 8770
5488 9482
4946 5847
3032 8168
1307 499
5646 9015
5280 9666
1601 9123
5531 9164
6490 8259
8671 208
8775 2467
9760 9266
7000 9147
381 9434
8218 9290
7400 9546
2442 2306
267 9574
946 7404
6207 9675
4395 9480
2043 9608
4584 9519
9262 8896
3223 3761
8946 9130
9181 6924
492 292
1766 8069
2400 5661
3801 9410
9723 9608
7261 681
5458 1219
9930 9480
9505 7669
1325 9676
5350 8941
8027 9410
8420 9644
2240 6638
5879 8029
5000 9215
202 8865
9456 455
254 9257
8117 8549
7443 9381
983 9636
8083 9576
8452 8989
4758 9454
5355 9399
6175 9445
270 9330
9391 9733
208 9534
9514 9707
3180 4859
408 9407
2393 4959
51 9713
9803 2103
4661 9376
9790 9509
4822 9688
5292 9696
1921 226
9151 55
4893 9562
8832 3338
5099 9421
3327 9531
6108 9520
6782 9663
9660 8358
6101 1952
9872 9514
7656 9650
5736 7560
8393 9704
6724 1235
8681 9644
9825 8598
5474 9400
6203 9679
4852 9541
2234 9739
4262 9667
4974 9273
7933 9706
4418 9717
5145 7376
554 9746
220 9587
2823 8987
1243 95
6071 9361
3954 9173
9330 9654
6356 9784
812 9769
5966 5805
2279 9671
9166 9786
3002 722
2453 8661
4357 9120
483 9167
6270 9286
340 3908
6657 9710
1467 6953
1711 9290
9795 4030
4450 8903
6919 9812
4813 9684
1591 7175
2637 9194
9133 9193
4868 9779
9673 9657
5808 9631
8618 9516
6097 9749
8042 9461
934 9682
7713 9519
2542 9794
3916 9334
5153 6222
5763 9834
940 9585
7322 8274
2702 9762
8157 9122
3936 9268
7151 8209
1711 9755
1196 9807
504 9526
9029 9701
7176 9704
2681 9042
406 96
9520 8626
7443 9657
6809 9646
5477 9487
2540 9758
3227 9645
6685 9737
3297 9800
1014 9365
7298 9567
972 9799
2163 8421
3488 7193
8142 9659
1768 9710
4075 9574
6108 397
7968 7936
330 9860
2460 9734
3604 9360
5493 9692
5129 687
5577 1812
6701 9857
185 9838
1568 926
7978 9862
6990 9735
4820 9819
2554 8947
1923 9873
3297 9127
4130 5101
7750 9583
3026 6622
1638 9389
9727 9793
7751 324
808 9768
4657 1770
6090 9814
1106 9889
2091 9542
2828 9706
8853 9682
6964 9266
2994 9499
6230 8976
1537 9816
8763 9913
6774 9539
8191 9725
3057 3044
5011 9848
645 9570
3173 9918
2225 9736
2701 9694
5408 9929
6590 9932
8608 9751
7223 9864
7922 9857
5518 9239
8947 9854
682 9829
2822 9778
7000 9926
6244 9879
7136 8373
10142 9418
1121 8077
3031 8997
8485 1945
1291 9945
250 9950
6696 9784
3458 9831
6191 9896
6648 9728
8702 9795
2723 67
507 9956
1 9855
3598 9953
3020 8391
9155 9949
6876 9199
9640 9871
8741 9787
9732 9950
3663 9698
6144 9459
5508 7271
6948 9803
1724 9972
3321 9050
3066 9878
8216 9847
3702 9996
2141 9987
6843 8100
5565 9426
4286 9884
5324 9379
688 7731
9217 9903
7745 8761
7542 9928
6699 8852
5363 9893
5667 9959
6234 9876
9359 9661
3282 9931
2282 10000
1029 9970
5770 9521
4733 9792
2686 9869
6965 9977
987 10036
1172 9646
209 9955
4945 9887
5823 10043
1348 9791
3778 9939
9057 7257
9767 9107
6355 9977
1931 10024
10148 9961
1122 9998
2460 9757
9521 9698
552 9663
9737 9375
3920 9818
853 10053
5256 10063
7461 10037
6541 119
1 10047
8457 10034
9520 10037
3223 10064
6325 9940
7930 10022
1547 10085
4871 10009
6808 10059
1286 10078
69 9962
3263 9201
2509 10094
8061 10010
4413 9798
9007 9726
7854 9936
7996 10025
9882 9558
1466 10095
2541 10083
5313 10100
4572 9946
9937 10080
4471 9971
3362 10073
5632 10026
4598 9920
7251 10074
210 10123
7931 10054
6322 10127
62 217
4903 10105
1530 10020
7155 10101
4660 10111
7622 10158
8504 10087
1161 10113
8589 10060
1644 10160
2135 10160
6717 10162
7672 10004
9038 10168
7362 10156
4405 10167
7744 10143
3839 10168
8402 115
7963 10178
1149 10092
4077 10180
8219 10182
1746 10118
992 10185
3585 10186
6315 10175
641 10179
2761 10191
3180 10200
