4000
4301 6000
4039 5992
5773 5985
3473 5992
3652 5989
4316 5985
1142 5970
5164 5985
5719 5973
3879 5984
299 5984
395 5978
59 5980
3117 5980
3493 5978
1308 5974
179 5942
545 49
4862 5901
2168 5862
3493 5524
5013 5967
4149 5951
671 5932
1039 5947
5774 5964
4768 5926
5480 5952
5062 5304
4422 5905
3381 5956
2140 5930
5144 5940
3600 5871
1247 5946
3495 5936
2629 5935
5145 5938
361 4848
71 5897
1211 5936
622 5890
5088 5882
3514 5917
1018 5815
954 5940
4911 4264
1828 5417
980 5702
4339 173
2531 5903
5270 5552
562 5914
2766 5931
5725 5922
789 5909
4019 5624
4866 5740
2723 5904
3986 4564
2564 5826
562 5917
4420 5902
3710 5740
3955 5238
4139 5773
4726 5789
199 5792
1440 5711
878 5841
4188 4807
5231 5878
3127 4456
1752 5844
1525 5852
1091 5620
4358 5820
5100 5240
3960 5873
2452 5684
2541 3353
3696 2169
5934 5449
3777 1091
3704 5587
1545 5422
4088 205
422 3535
1947 5760
4207 5559
4905 5864
1754 5875
1020 5538
2348 653
2082 4883
5565 5872
4793 5752
1478 192
586 5848
715 5444
3671 5560
2647 5047
4339 5849
2031 5730
5390 5859
1478 4671
1886 5822
1032 3628
43 5436
2104 5855
4919 5799
5742 2240
3414 3365
2774 4480
810 5814
3078 5524
4092 5663
4646 5719
5121 5760
4500 5665
360 5800
935 5730
5611 5429
724 5471
2902 2311
4804 5760
4728 4395
4405 5641
3825 5816
5507 223
407 5598
3656 5161
2738 5802
4247 5614
736 5791
1121 5225
4363 5795
5624 5171
4479 5786
2752 5579
2390 5634
2866 5781
2304 5620
2246 5756
1101 2087
2463 687
1175 767
4758 4194
2378 5728
4162 237
348 5796
3255 273
5663 5111
3373 4139
5688 5766
2635 5761
3189 2353
2380 5207
1488 5738
3938 5597
1702 5571
1243 5699
5749 5595
4905 5725
16 5612
292 5726
3250 5752
1442 3288
2320 4598
237 5684
3805 4171
2637 4344
3859 4974
3161 5675
637 3270
2044 5528
2358 4028
91 5144
3538 5705
3688 5054
4966 5372
2576 5099
5652 4244
2514 5675
586 5072
3144 242
3883 868
764 5667
1373 5136
1674 228
2140 5653
994 159
5380 379
4904 2037
39 5379
4158 3539
4258 5638
4313 5512
1838 5623
5963 5062
5324 2945
3812 5091
1243 5392
2467 5650
4564 2495
3119 5696
3158 5519
1214 5220
4439 5592
3091 5327
545 5629
1160 4650
5015 5606
4454 5664
5972 5581
4591 4867
4807 721
1154 5206
781 4798
3210 5405
1719 5597
5958 133
5108 165
4667 4704
2013 5494
4925 5470
1564 71
915 4708
4494 5412
970 1177
3951 1097
3511 5502
564 408
4430 5566
4632 5399
4998 1368
2068 5440
260 5626
5178 5615
2359 5508
206 2057
500 5564
783 5608
1843 5579
1802 463
2157 4418
2841 82
1930 1048
5608 5424
1527 4113
2077 5516
4712 4221
2417 5243
2151 4991
52 4452
2405 5560
3826 5230
467 5614
5421 4822
3946 5466
2571 5462
729 5340
4385 5414
1804 2203
1110 5575
2240 2916
2613 5419
3442 4978
2783 5421
2277 5595
233 4484
3415 5280
200 5499
1553 169
2496 4397
5162 2024
4326 1242
1807 5133
4538 5244
4321 4343
4083 627
3225 5077
441 1655
5667 4174
3513 5368
5921 5255
1471 5126
3050 2917
1070 209
2556 5297
3855 5558
350 433
2138 5524
5047 3141
4343 4745
2754 5470
144 5454
276 5559
2245 5151
1852 5392
3223 5317
1167 4545
5493 4762
671 4734
2568 5220
4253 4823
82 1073
4034 984
4748 4782
2236 4039
3174 4513
2785 1196
1361 4664
4877 1162
3119 4177
3877 618
5004 5428
5188 5318
1006 5067
1338 4996
1392 5375
6 4940
5854 4274
90 4946
3952 5345
2498 5492
1926 77
3427 5289
3276 1189
4348 5476
4767 4361
5479 913
1923 35
1345 5491
5225 4482
4093 4762
3588 5381
5779 4392
4674 4943
5108 5399
453 3286
3853 5245
1542 4655
4 111
2861 5314
3250 4821
1572 5319
328 28
4755 5210
3216 5176
2181 3752
1133 2036
4963 4
755 1988
3463 4108
2261 5176
1042 4391
1241 4087
1440 5142
2102 5194
5169 356
322 1112
707 2301
231 1865
4672 4898
3353 5232
3008 4390
3556 5396
5531 5288
5775 5206
1614 5425
3100 5259
4257 5205
2640 1918
1284 5202
5872 5182
2475 5109
5278 1301
3365 5257
2166 774
5285 1408
723 5121
1945 5000
1556 4538
2161 305
2612 413
4209 4489
5919 4539
3165 5268
520 998
1941 4781
2659 4937
150 690
3032 987
1006 4991
1817 5209
4600 5369
1766 5290
4892 5323
2688 5241
5092 4646
4261 5352
910 5282
346 4710
5287 3676
2301 5160
4013 5100
5444 1623
5190 5255
762 5131
2775 3882
20 4902
3902 3536
4928 5082
1424 4759
5956 5347
3026 5050
792 5070
1963 2212
1210 1559
4406 5316
1375 4553
5472 1623
1742 5196
5981 2336
1190 5006
5506 5189
4266 4868
203 364
2078 4811
3858 5151
1097 5234
4918 4486
4400 4473
332 4991
3598 105
5423 1243
5458 3280
1255 4631
3534 505
5277 1274
2190 706
4189 473
5254 5013
1283 5206
3302 1994
1103 5160
4979 5235
372 903
3047 804
4048 3952
2906 5161
3803 1492
2241 5808
3667 1034
4206 1106
4342 3525
1700 5254
1366 4554
3409 4204
577 860
4337 5287
1849 391
18 4915
5299 4210
5299 713
4721 2827
4074 130
5987 4111
5321 4012
3057 797
1921 5038
2066 5176
2477 4087
1923 3982
2719 4884
1903 2560
3327 522
5632 1214
5165 4986
1749 4775
3869 3343
4122 5161
5092 5135
4853 1593
1867 401
3546 3631
4729 4976
2862 5155
5009 4597
2411 1138
184 5215
5566 4842
4240 4644
4926 461
4482 5233
1916 4855
1217 929
4374 5104
3139 4700
4711 4993
2732 4874
5548 5187
4265 717
875 3930
3787 1075
5502 2387
2251 5162
1198 4554
225 5193
4388 4953
2338 2801
2671 5029
2250 3194
2403 1302
1758 4726
53 5207
394 2168
1763 5057
810 4557
4780 4671
5316 3745
782 2757
3634 5143
5196 4924
2416 1309
4956 4923
1617 2630
4771 5058
1185 4744
3640 407
4634 4770
332 711
1381 4516
1292 1153
252 4584
2605 2430
4872 2256
2962 3569
2050 4891
700 1628
4726 1984
5889 4798
15 4463
4991 1373
1910 3900
5920 4515
1309 4478
1773 909
2564 3620
2123 4955
1544 4859
913 4809
4802 4915
5970 438
2412 967
1832 4666
701 4966
1103 1021
901 5107
5568 5023
4026 5136
1859 1095
3495 207
3419 3986
4243 3162
4388 5040
2441 2071
5621 893
1957 5027
2477 1874
1357 5134
3625 4351
5782 2196
4815 839
2874 4783
895 4982
5569 857
4264 170
989 1746
2693 2741
5733 5012
4556 4236
4223 1542
5977 4743
2611 2249
4271 3863
625 4596
2394 19
4974 3167
4697 4331
131 552
1786 4998
3387 5082
5603 4724
209 3160
2387 5026
3957 5031
5118 2590
3065 4991
5813 1186
5988 568
4865 3671
5833 1122
4073 4457
4887 4988
1788 4967
4591 4924
435 3817
3641 3949
2934 4700
3938 4785
3787 1039
1361 4061
4228 198
3381 434
5462 5021
102 3231
3354 4979
5212 71
5690 4154
4225 4084
1812 5039
3505 4069
4792 4593
2456 3888
1446 3913
1219 4834
939 4945
1743 2823
3085 467
1339 1925
2890 2047
657 4935
5599 1792
4268 4979
3222 448
3340 4708
1231 4614
4310 2244
4668 3889
1372 1676
993 499
2471 799
315 4798
3637 4551
3767 3438
5847 1494
4063 3994
5664 235
5741 4850
4126 1078
2061 1207
5954 454
4833 4794
1889 4890
1686 3944
2710 3811
1212 4959
589 4973
1757 3345
5313 4554
3348 4085
3987 4329
3587 2786
2343 2655
2620 185
3853 3598
5720 3747
2647 2978
347 4394
5513 4394
2485 3179
5392 362
1986 3152
667 4234
3897 1435
1532 2312
282 4857
5358 4623
741 3472
1828 4951
3899 1203
1078 3856
3790 4088
1605 4343
5660 4778
601 4513
1169 2667
5881 455
3445 4355
938 4964
590 1133
5509 704
2008 982
3875 4362
2671 1576
406 4917
3363 4768
757 4920
3909 2118
1438 309
4685 4597
217 804
1743 4554
3426 2513
5367 2609
3213 4261
1157 736
2231 4392
4908 3970
2684 1805
2618 242
3293 1380
5129 500
1608 3392
4740 1539
5404 4204
3718 4828
414 4360
978 2669
5675 2559
1961 501
3063 770
5130 1458
3162 3892
4372 3968
5799 3271
3547 3998
5241 4861
2759 4558
2396 4321
5172 4494
1244 1864
1853 3877
1722 3817
3214 3969
2056 3638
1940 48
5528 2170
2197 3627
5958 2233
3424 4875
4956 4650
186 1400
3537 4428
4481 545
133 451
182 2495
1341 1714
3156 492
75 2160
3620 554
4037 166
1640 1238
2738 4665
754 188
3823 2147
44 3796
448 4796
510 255
664 1776
5584 152
692 12
3427 4521
36 1788
4228 3012
1514 709
4054 3633
360 3585
955 3624
4161 2878
1902 3643
965 4200
5434 2696
5630 1176
3019 1824
3136 4332
4590 2888
4262 4586
4583 4379
1569 3163
4731 5206
325 1866
2065 2899
5086 4535
100 2399
4922 1504
2189 4171
4174 4002
3778 1439
5751 274
5625 1474
4699 189
1917 4140
2174 4208
5843 2817
5882 3428
4540 2276
2144 4072
366 4650
2444 1108
2307 854
1381 4130
3347 3597
2596 3050
2119 4307
2423 534
331 4707
2164 2658
5348 4442
1708 4017
3329 4558
2426 4093
3599 4672
2151 1517
4491 3787
3085 3554
3483 3179
1643 1049
4882 1293
107 4119
223 736
1245 4288
5032 3131
628 3291
245 647
667 4584
3930 4665
705 3287
631 3398
3894 3461
1900 1744
2627 137
3006 3815
2535 4351
1142 3742
1555 4499
1077 1791
2831 324
5973 3297
899 4586
1954 3271
765 4636
3349 4498
832 1468
5988 4666
2321 4046
3168 1660
5909 3618
5792 1664
1745 2613
1998 4201
1829 206
3021 4586
467 3225
1066 4102
4513 2783
1596 4268
326 305
4066 4190
4579 4682
1250 4568
5911 4655
1473 1531
238 1222
2493 1880
4357 3251
1362 4591
5634 513
3957 3127
850 4534
4066 412
1438 1374
2557 2482
4752 2086
946 4534
4840 4644
4080 2152
2952 38
805 2959
894 4034
2678 4669
1650 4080
5043 2261
1174 3855
706 2645
3791 3356
5950 2950
3449 4301
5772 4546
2709 2734
3017 525
4045 1244
2839 4566
3946 1603
1497 3224
4519 3198
1476 3657
2114 2855
964 211
5716 3290
2243 3456
4470 4351
4393 694
206 1964
109 4213
4247 4526
5138 4532
2933 3753
2731 2209
4856 400
2389 2393
272 4133
2507 2897
4878 1831
3951 608
873 3226
836 4525
4948 2141
23 4464
421 3211
1114 3317
5187 963
1491 2499
2086 1690
343 4178
1854 1376
3369 153
4434 2175
426 3574
4647 1069
170 3103
5181 4396
2298 3581
2524 3675
1894 3702
3381 2122
3685 1353
3609 2208
1078 2661
4847 4531
2070 3380
5821 1440
1829 2298
2976 643
1748 2379
4888 4009
622 2585
4027 1272
1005 2859
924 3795
1365 184
2504 4408
5881 3160
4875 4504
4900 1681
334 715
370 612
3667 3035
4764 4518
1220 690
1384 984
5320 990
400 2082
4992 3670
5494 2874
975 3904
3629 506
5227 2025
2033 333
3418 282
4029 2792
4802 1883
5120 4190
341 1621
2683 2242
1080 1401
1829 2030
2149 3949
5373 4206
1804 1565
1450 4400
1429 2267
4076 934
4804 4033
2898 2487
5585 1597
4918 2138
2523 794
3280 3874
2703 260
5937 423
2499 1225
5458 4108
4356 1717
4835 3599
3693 1304
4878 435
4432 4452
4907 1664
5552 3633
5801 2757
330 1620
5129 3452
2309 1139
5414 988
3040 841
5066 4327
4213 5357
1256 1744
5854 1582
2562 4437
1507 3956
4535 1976
4664 4350
744 1265
5344 2454
172 1255
451 992
743 2132
650 1912
2098 2937
273 1656
212 3954
64 4153
4977 3380
4156 2030
486 1184
5004 24
2255 2050
615 563
1125 1926
339 4315
3692 3197
1020 3180
2733 1937
5359 3537
1063 2084
2596 1489
1321 1188
3549 514
1757 562
3463 2637
468 3880
5105 3637
5659 3352
157 840
4233 3061
3344 3988
2222 1943
2609 1607
2623 1104
2164 280
268 3175
1594 313
3593 1988
1723 2107
955 3377
5565 3436
207 1372
2653 519
3623 643
2908 2864
3068 1925
57 2755
1042 2983
226 2220
5213 3888
505 1335
1535 2010
2733 4400
2850 3804
3451 4272
549 614
754 3055
4256 2054
2739 3616
4249 3341
4016 1349
2740 2722
4678 2376
5714 915
147 1817
4469 553
5335 683
4627 1108
5250 254
3345 1929
4388 671
3711 1059
3469 3792
1566 1515
3558 1484
3261 1813
544 3721
5361 3360
795 5116
2276 86
5075 4324
581 1905
1204 3838
2105 4357
4540 3948
2759 3879
998 3206
1192 3800
4644 3280
5643 2298
932 709
535 4187
5115 4319
4869 3009
4661 3134
3128 4364
2380 896
234 3369
5099 1861
4965 1819
5790 3389
5939 3034
5444 2318
4101 2301
4572 3261
3106 1348
5638 3999
5532 3233
140 2556
4146 4263
2717 5105
3516 927
932 3248
1985 3394
2000 4289
2740 1220
1004 3483
2328 1045
2337 3846
4835 2715
1806 3059
3476 2672
1391 3392
2126 3870
4329 1800
2969 509
1057 2096
569 2508
2256 900
5752 4215
1505 2174
4594 1553
5112 3627
4937 1732
1572 2103
5695 1702
3178 2265
5225 2663
803 4279
3793 4277
1801 3334
4657 349
2858 1028
4289 1093
1102 1926
60 3590
3533 3311
5674 607
484 1945
426 4876
5027 564
3912 378
5452 2770
4848 3871
2293 4077
44 4052
4432 3776
2401 119
2251 4215
4639 3670
1692 4185
3139 3546
5107 1749
3277 3753
2686 1659
4216 2956
2558 3275
5050 2314
3188 3168
3526 2463
3132 3623
2905 1427
3280 748
3468 2662
863 3441
2542 4219
946 930
623 2877
2434 874
4063 1831
2431 2175
4107 2931
4331 3483
4730 3325
557 2005
3289 1653
1406 1095
231 125
3992 3767
4036 3997
3144 2059
3914 1234
4200 3994
5235 590
1794 2658
2942 1157
2306 2394
5952 3092
2866 500
4358 148
179 482
3897 1012
1310 2400
1312 3988
1780 1404
1545 3934
3875 3009
5891 2564
5601 1194
3293 4129
1647 3764
331 4082
401 264
4766 4005
2237 2234
5584 1461
1490 396
1852 3714
4573 2617
5227 2716
2169 3246
4361 4177
3456 2932
1717 2068
4192 4162
3202 3960
1897 499
3531 4097
4041 409
1498 2470
3607 4158
1411 4129
572 3542
5681 2729
3749 1742
3080 2666
2068 3652
4736 1886
4029 4441
3798 3224
4691 2140
2867 4375
3844 289
751 3058
4443 1942
3938 3653
5147 478
5861 907
3131 1864
4971 2560
3185 3394
2158 2993
1894 24
4854 1775
3801 3697
5213 2070
822 4037
2740 1835
3511 3540
4188 2937
5547 204
4875 2205
3832 2926
3282 3280
994 130
5135 931
541 4414
4238 4059
2453 2313
3174 1139
1715 3564
5837 1346
1586 1608
5161 904
988 697
3160 1464
3396 3123
1238 483
1802 872
1421 2056
688 2835
1481 507
2325 2313
5912 1753
1364 3825
1320 3550
3912 1231
1052 3437
5388 3460
4387 112
3056 2255
2381 3712
5916 2621
1759 3518
2151 2299
1683 3710
4393 3655
5586 1874
375 1406
4686 3256
3672 4013
1902 177
3157 2077
5347 3254
1944 1662
4300 1266
324 4061
4298 2480
1981 2760
4569 2991
4413 1398
451 642
4035 1207
2864 3593
5781 3415
5986 1157
4934 2121
952 2323
3906 438
5490 2021
1551 1966
4795 291
4450 2655
4029 2788
3503 2185
4902 112
1748 2109
5421 2567
3382 1657
3198 3936
5040 3458
3187 434
2279 3718
3715 1487
50 22
4615 1859
1480 483
4748 3598
3584 3085
5495 971
1343 3462
2976 3230
3490 3005
2741 3869
2582 1041
4715 582
3359 439
1029 1131
4431 2131
4245 246
3119 4770
5495 1054
5349 330
4234 2262
3026 1154
5301 3515
5629 3859
4766 2867
5071 2909
3484 2871
5112 1593
3284 291
4297 2381
1765 3700
621 1734
3988 4261
1517 3744
5443 2495
293 4343
1757 2756
740 1531
4094 936
5975 837
5015 2471
1737 3950
141 3345
4191 1728
4160 578
1220 2947
2159 1385
4114 4277
3064 2181
5201 568
3911 3676
3040 3338
5374 2979
3753 2242
5585 2609
974 5322
2251 923
1266 3347
2036 4574
5280 123
2576 3693
887 2214
2184 3665
931 3109
5091 2599
5250 3584
5856 3050
809 881
4105 618
4553 822
3074 1896
3113 2396
4114 3107
4572 3087
820 730
2851 3757
950 954
1368 1120
4344 621
5333 2120
4955 1189
5156 3727
248 2944
531 2549
3476 3752
2588 66
5642 136
763 2973
2769 3218
5684 505
204 2429
5610 2230
351 2714
730 984
690 1442
4126 2323
1301 357
3257 1297
3307 2328
11 2055
4609 3547
2182 89
5616 2253
2703 3436
3703 1648
5571 2412
541 5394
1882 2836
166 3799
5420 3819
2187 3821
2501 185
2301 266
2566 1317
5391 2338
2746 1686
154 2652
3495 1256
1424 5554
197 1201
5736 2133
3733 3424
484 2949
3425 87
3406 938
3045 3880
5163 1973
5437 2500
336 2592
3111 3036
5845 1914
1853 3061
5355 3582
3377 3485
4928 3443
4797 3423
3040 1914
3125 759
1176 1770
4642 511
926 2974
2656 1412
2897 1395
2782 2344
454 2466
361 1749
1414 2704
953 3466
952 3571
4068 204
4003 2722
3032 967
4432 1743
1288 4436
3738 2237
2238 3591
5270 2636
805 2664
1918 3049
909 2734
2741 1504
2410 3159
2430 612
1645 3224
2947 1361
2443 1748
831 2414
5148 1379
658 4171
5512 3711
3724 3592
3630 2468
649 719
4267 58
4452 3686
5993 2193
4890 1152
2141 3187
5066 3508
1787 745
2792 3606
5974 4667
4592 3402
3308 3610
4559 1166
4130 1575
1620 2100
5064 1110
5608 410
1468 389
1930 2517
969 1424
4169 2701
2931 1340
2666 3211
5388 2872
2883 2695
812 1156
1861 1939
2650 5189
4947 2888
2257 143
4467 3211
191 1649
4818 1305
5685 2414
5513 3050
992 2745
2749 2008
3237 237
4816 3172
3196 489
817 3474
3238 845
690 676
2632 2328
1753 3608
186 2802
365 1389
2126 110
4746 831
5321 637
2702 414
797 697
3808 2296
4958 2188
5708 565
4015 4586
5601 291
5116 879
1905 1795
2418 3603
5637 4760
3588 1051
169 3591
3108 3496
4801 2634
2725 3789
3712 5118
4334 3962
5104 3471
3191 2889
733 61
264 3051
1905 1976
718 723
5015 558
2430 3005
2702 2301
2257 2441
2213 1813
5344 2701
5494 2692
28 3022
1424 1343
461 359
1365 2939
424 2778
1188 3073
4187 336
2212 1486
4146 4683
1677 88
3958 1480
1871 2474
1948 930
2656 2492
4023 1635
5278 2948
4335 2327
3144 2386
2880 1710
653 2148
1369 3404
4327 2132
2290 3374
154 521
2656 2982
1799 2434
5067 2624
2862 911
696 4302
5846 2372
987 1087
4885 2301
3226 329
5244 3692
44 2458
4427 1190
3986 3709
1792 5799
805 1083
5605 3170
3463 784
2780 905
2593 1769
5107 875
2512 2757
3656 3360
1117 1048
2938 750
373 1785
2513 2892
1280 5124
1087 3569
3595 1750
949 918
2723 3798
3595 1305
5811 3452
2689 3448
951 2970
3238 1390
816 2601
2089 3092
3527 4501
1449 2478
4896 2609
566 2925
5590 71
1613 4564
3119 1095
1770 3111
2590 1800
1199 816
5644 1502
2137 5016
480 3011
2342 2664
4930 1147
3932 2834
1052 4279
1000 2956
5689 4595
3589 2841
583 1370
2979 2344
2325 1788
1045 490
1475 1897
1434 1185
4331 2854
127 1783
1208 2589
4218 3874
1812 1206
1540 3109
3831 687
5439 2387
23 363
4920 1486
3497 1093
1640 3162
1421 2812
5269 2556
4199 1199
3348 3515
248 833
1170 2045
2384 2192
3147 4250
4983 3042
63 2059
3033 4634
724 2648
4879 1415
4807 2214
3903 2134
946 433
3727 2633
5826 2127
3278 1611
791 3141
5964 1823
2568 697
4168 2015
136 3585
5625 1900
2781 1158
3121 1609
5089 1464
3095 2577
5407 1030
2969 2164
319 1559
4613 952
3187 2971
1674 1379
1377 2027
890 210
5822 1272
3548 997
5293 2402
855 2613
5593 2796
5096 5497
863 720
4517 2976
1701 1043
1991 2860
4089 3320
425 2936
1953 2748
1931 3677
1705 2032
1083 3061
5650 4461
1686 2512
1975 1873
5961 2155
4109 2348
3542 2281
3275 3295
561 2358
4360 2349
295 2906
5766 2903
1491 908
3205 1552
2150 2957
4630 2818
5701 3046
821 1285
3026 4406
724 2198
2454 3340
5414 1714
5059 4949
3370 2967
1458 3084
1530 2660
2902 825
3833 3215
4325 1367
1963 2561
298 1576
2272 3214
3725 2616
2794 1596
4063 1680
2634 1833
2480 1433
5838 1764
3285 2771
308 5636
1757 3271
1169 4154
2582 676
4040 2646
1345 419
1082 2212
5597 476
4731 3305
3406 172
832 1815
5661 2394
4599 1734
4625 2351
1114 2904
4889 2096
2983 1335
90 314
5797 745
4844 4172
38 3153
5433 2359
3177 978
1305 2049
5736 3252
4908 2473
1875 2520
5929 1411
4836 2946
2774 1486
2630 2263
344 2363
1212 1719
3020 994
2963 657
3989 3683
150 3104
827 2068
2565 2439
339 3062
677 5257
180 791
4146 3238
5848 2150
3685 2529
510 634
312 2335
5800 2256
5481 1089
2274 2115
2965 4065
2878 2200
758 506
5409 782
924 3038
5902 2796
3805 4105
4028 166
1799 3219
5597 1821
5774 4580
3222 1926
5214 2934
4854 3358
889 4844
4349 1400
4549 2693
3049 2364
5363 2708
1722 3102
218 4255
370 3090
1991 3217
4986 3635
5933 1232
1608 1275
1707 30
4166 3126
5427 2070
358 1181
5463 3753
1436 2617
5950 3357
1753 3867
1464 2362
4825 2850
946 2803
496 1647
1610 3015
5489 2987
2727 1479
4447 1915
5285 2312
4257 492
1925 801
4845 3122
3987 240
5823 1644
540 1440
5005 2799
1051 1353
250 1545
3477 4150
2314 1850
2107 4332
3830 4192
1218 1749
4772 3856
1606 1440
1805 3758
2771 3889
2461 2430
650 1724
1590 254
4411 4970
5619 753
263 2928
285 3070
5533 1877
972 3020
4448 578
505 2556
2651 119
5204 3115
402 254
4959 485
5215 2572
1389 2205
984 1017
354 133
3618 481
5561 3433
2176 1138
336 2068
5339 2594
1664 5710
5208 1342
4670 62
2931 2469
3747 2634
4157 881
4035 1611
2408 1415
5060 3321
1916 602
3350 310
949 5044
195 2776
2709 1668
1396 4715
3333 1778
5378 351
254 156
47 2976
2960 1672
4130 3006
5268 3042
3411 4851
5621 2808
4626 4782
3153 5525
1378 4348
4856 2971
440 1833
2549 2655
3160 1980
3436 2505
4767 793
2503 2685
852 2984
1793 1653
630 3369
644 1997
664 1078
4970 1353
3519 655
1092 1378
2942 3033
681 2470
3920 3962
4581 2763
3839 568
3290 3025
4338 2578
5359 2209
360 4140
4208 1861
2104 2823
1652 1758
795 285
1381 1789
5227 2540
919 2991
4603 1975
1803 2967
4129 2895
2881 3590
5614 2791
3845 2247
3872 2103
5367 1122
4204 1032
2636 2728
4646 4898
2488 1746
476 1167
930 2011
3808 2799
25 2198
1817 63
3523 303
1978 1655
2572 4208
4847 498
3443 1905
416 2945
1346 632
1408 198
2324 910
5232 3084
5288 1205
2582 2463
137 654
3659 1256
3062 347
3268 2256
5731 3944
905 411
462 381
1392 1637
84 2936
218 1845
1921 3330
2984 1946
1543 1963
2200 1829
439 1232
2850 994
4285 2296
5460 3732
1208 2288
5622 4200
1637 2083
680 3542
2660 1583
2737 607
1218 3142
114 938
2178 2613
4328 1051
2994 1354
1602 4361
3333 3132
3768 3778
1129 2088
99 947
3534 2470
1984 2930
1220 1671
854 2935
5462 3116
1664 1741
361 2834
93 570
5437 3271
197 4800
2754 940
329 2672
3792 2510
414 4614
5330 554
4838 4458
1952 489
5628 1710
1077 3166
3183 4205
836 3494
5701 626
5531 1619
5975 3064
626 1566
5908 1905
199 3082
3764 3244
41 725
3804 2414
5615 454
1544 1779
2792 5125
1529 3118
5328 293
1316 1061
3106 2446
4035 4596
2761 2069
755 2300
3483 3869
1632 1953
1240 4865
2428 2157
1741 4319
2608 1697
4581 1686
3570 3269
3621 3508
935 682
4606 1893
3747 2752
4163 1728
5801 1395
860 3681
1461 1658
668 1966
5876 1414
3345 91
2426 433
1166 2867
2992 85
1391 3296
4211 579
5479 655
1666 3096
2858 1846
1664 355
5059 2066
2570 155
1639 1393
4005 30
5372 3813
1941 647
5615 3968
5154 1518
5542 1664
334 4409
1280 1385
5761 3088
4791 2392
5009 1111
770 2554
1611 3320
4912 3767
2576 3946
1522 2911
5166 3689
3558 1345
1443 2873
1610 2439
5208 372
791 4931
1904 920
710 2275
5629 3671
4704 3694
5957 2430
870 813
4130 5009
2042 2089
2648 2180
2108 2581
3004 1622
260 3992
415 5029
5620 374
3589 3040
2759 1407
4423 2801
1013 1914
3762 2670
5010 1217
5579 2492
1512 393
4832 4964
691 2901
5127 2787
5055 20
2831 1874
3457 2598
1211 1900
5501 52
4417 2703
1349 4179
3191 2455
4909 4806
88 3011
3545 1640
3578 301
189 1998
4523 1808
688 618
5090 4465
1918 2039
5390 3409
4919 5032
4985 1919
492 3037
4841 557
5490 2079
2393 2504
844 1774
2407 3653
4983 3054
3748 763
3663 3368
1389 3127
317 337
1971 5673
5369 1873
381 3392
4870 2676
4039 2666
3855 2502
357 1596
1185 1545
3636 2132
5736 1607
3858 2346
3735 4738
4816 2883
212 2771
794 4694
1108 2457
2724 24
4135 1763
4566 376
3294 1483
2147 1063
4775 4289
4308 363
2765 1712
5332 1975
5443 420
5746 1924
1629 1812
3126 1508
5302 337
2289 1295
1518 2309
2915 2539
500 369
1236 1171
523 2647
4404 1139
5576 2772
4417 368
2125 1378
1965 4260
449 2319
498 453
651 4532
4127 1312
2528 1394
2582 3348
5371 485
829 1415
5893 5313
694 1948
44 1429
4913 467
3208 1847
4960 3449
5258 882
4894 1652
669 2407
2330 3213
37 1489
502 2409
4398 1069
3172 820
1397 2806
3197 884
5196 1132
2979 4353
452 2902
3268 450
2496 1163
3587 3711
1466 3193
2690 4832
4714 4307
2371 2880
3182 2458
3896 3375
1462 1233
269 2174
617 3636
491 5947
4224 171
4633 2692
4809 1043
2843 3833
2759 1370
5965 1239
1352 2030
2053 1185
5892 793
3923 1392
3126 2237
4750 3552
4269 2911
5395 4638
1700 801
4262 2001
181 777
5616 2702
2395 4247
549 2860
5337 2075
3263 3402
1461 5407
3279 4087
2195 4307
3973 2355
2162 4981
1552 4233
5116 2665
2488 3113
1222 616
1685 4215
5618 3390
4985 1552
4269 3824
5389 2383
1844 1572
2035 2807
265 2226
2956 3151
2524 893
764 1305
181 1480
3873 3846
3746 3002
1652 3961
349 4679
2064 1350
4633 3258
988 1513
4172 4730
2491 1989
3480 3384
489 3478
3831 2635
3572 4926
5756 225
2239 2125
487 2423
4907 985
475 2773
1406 1672
2631 937
2971 4081
124 3346
746 1915
3238 4199
5219 2485
5300 964
2940 3718
1558 3332
1005 2304
699 3452
4820 1188
4286 5715
4983 3125
1182 2688
926 1575
3949 4752
5029 936
1451 987
3748 5600
5280 2874
5603 1841
4874 2634
242 1119
2600 2055
1665 2884
259 143
1547 3250
3324 2873
3015 3572
2518 1819
1635 2159
157 518
165 2326
2499 1659
5544 2533
3850 569
617 2859
5093 3322
2369 2052
3690 3000
4746 3113
4345 3361
2507 1454
654 3361
616 12
268 347
349 2323
1381 543
84 1193
3950 1294
952 1888
409 360
1536 2551
133 4722
4180 1826
4348 3625
5238 1108
4393 4639
5384 441
4261 3610
4824 5471
2828 233
5693 2848
3287 892
3895 917
1765 1447
1510 4895
2753 2007
3628 2689
3268 1669
3899 504
1156 1715
1817 1593
3866 3905
5694 3223
103 1649
5106 4036
3639 2128
3416 4472
3241 1395
37 2433
1564 322
4683 3580
3065 3390
2656 5014
1736 2747
214 964
162 2601
5418 3827
235 2168
2082 2940
5969 934
2891 5154
4722 2469
543 2525
2572 239
2454 480
3528 4342
903 3592
5021 2764
2744 3580
1764 1662
1082 2107
4699 3486
5977 2746
166 188
3397 3556
498 1018
1784 2413
3385 1881
3375 2530
3092 1172
3421 732
638 2297
4210 3310
1711 3570
1814 181
5833 2955
5550 1372
1 3437
229 1133
2523 1585
2450 2437
5083 1619
1525 1642
943 143
2320 4166
3792 2608
4038 2905
1639 4230
1841 2432
2670 4581
1764 1335
4529 1019
1483 3199
4487 3146
5199 749
4988 2346
5967 5023
5672 3274
2634 3215
323 2770
2151 2273
3263 1401
849 1180
4229 988
1572 1799
5300 1660
1470 896
5569 3467
2615 1053
983 2551
5663 1699
4079 1786
551 440
1376 3536
4683 4430
4968 3756
358 1605
1605 1298
1973 1666
1446 3444
517 3590
1862 3551
2347 3183
2493 600
3590 218
990 1637
622 2459
5358 3768
2659 4303
1039 2579
1857 592
3718 4897
4533 2613
320 402
5731 3109
2951 3066
54 840
4108 18
1797 2143
5923 1260
1123 2550
1353 3342
857 1144
5223 3421
3519 2564
4624 1888
563 2201
5757 1924
5249 3464
748 979
376 1731
5007 2705
5023 1800
200 342
1339 1027
4401 2709
3233 924
4820 4249
3963 1922
1101 372
895 776
231 2182
1786 587
1546 1661
5021 1022
3896 3784
853 810
3890 1156
5828 1141
30 3366
1845 1321
414 3141
2804 1840
415 4218
5845 3407
1054 547
1913 3313
4730 3072
2946 1894
864 2457
2515 2226
2947 468
960 4450
2284 321
4307 869
5374 2648
475 3125
476 1219
1668 3085
1509 163
304 4140
2073 3757
422 2058
5073 3622
2894 4008
4667 2542
941 2026
622 174
568 1019
3168 970
2338 3414
5991 4739
1908 4451
4521 4561
3561 2382
2965 2235
3621 2297
1636 1087
5995 501
5937 2025
4324 1718
1072 992
2952 98
3504 3213
2000 641
3073 3801
3862 3913
2221 1577
3858 970
2846 2761
1856 733
4991 2227
2004 3613
4624 557
4768 1117
4131 2464
4142 3272
1714 3281
849 5008
1399 894
665 2475
790 2167
5923 3611
2574 4668
2216 3248
4132 1320
5328 2768
5116 3611
2442 4912
2270 4707
3763 1532
1905 1652
4344 3255
5737 2661
1226 3785
4929 785
5524 2819
1935 1758
723 3972
1083 3949
2767 5647
955 2517
1980 1259
2959 1121
5161 3296
3593 3945
4655 2469
624 337
4769 2472
4646 3523
1091 2985
617 103
1127 2770
2731 1899
4767 3370
3581 1475
5170 3958
221 2517
2477 1678
2325 1431
3712 3610
3290 4224
3765 2107
1689 4603
2122 2754
3754 4129
3117 3465
2538 649
4117 1189
85 1315
5238 380
2231 3950
4384 1381
2560 3128
5600 3601
3937 700
3235 602
4584 2243
5097 3863
1774 853
3803 790
3688 788
4628 2965
2137 4010
1255 2919
3096 902
2177 1843
2123 3725
4310 2426
5737 573
4159 693
5839 320
737 920
2659 1246
861 3437
4394 199
1818 4019
5104 1082
399 1795
4539 4527
3380 2630
389 882
1146 3552
583 1364
901 2269
429 1379
4102 1704
1065 350
3116 2299
5869 4242
2355 2127
5428 854
430 1147
5605 1090
2188 684
2628 3593
4608 2097
5050 3743
3883 2403
34 4287
1474 3786
1945 453
2970 4009
368 2405
3080 1130
5358 3723
2426 2944
257 2953
1335 4072
146 1316
188 1235
3013 3964
2456 1505
2604 949
1876 2616
1146 2830
1121 3567
5772 2215
4675 1638
5537 61
1162 3752
5136 3726
2778 294
3834 2298
1386 4320
22 513
4995 1691
1421 572
2237 2483
5612 3736
184 2395
611 3365
1765 3301
3779 2312
2265 2305
3929 2426
5594 136
3907 2548
5759 1861
4576 2407
5921 3802
3952 1575
480 397
1240 1616
610 111
3927 1555
3175 4952
4614 4257
4025 2329
2122 1321
2690 3455
5776 2042
3889 2316
5262 730
1963 3336
2509 2126
4664 1387
2613 3675
2006 27
2024 4042
169 3574
4699 414
107 2755
319 1717
1995 1111
691 531
5695 3503
80 615
1972 754
24 2116
3099 3840
3112 3856
3227 1217
2549 708
2524 137
495 4041
533 1148
2239 4204
5924 3579
3624 2852
2168 1503
1455 1208
4159 3905
1845 3530
1363 3831
364 3460
2695 5124
4035 1012
1010 2032
5053 3660
4772 2056
3279 2295
3321 4528
2039 2917
3495 3745
881 3114
2346 3038
20 3353
1992 1224
1202 4809
2375 933
2372 4180
3185 1504
2820 1058
5441 3106
5560 4234
443 3009
1322 645
4520 2229
5595 1010
5874 5004
178 1821
26 3961
1908 423
602 3668
3488 1843
4510 318
1526 34
4766 4249
1886 1617
4096 4076
5125 2661
404 1375
2294 717
4195 2128
2907 2735
1956 4204
3837 1038
3851 521
5258 3950
924 1075
5755 483
520 2935
3922 2927
2048 4852
4506 3215
4151 4312
4427 1591
3099 3298
4879 1685
1096 2056
2819 3530
3479 2430
4020 4929
4716 1161
2384 1726
2917 1166
229 324
563 1932
5070 5426
349 814
2217 4363
588 2381
2755 3461
2659 1970
4114 2910
4142 3788
5858 2710
5681 4233
1755 884
5746 1581
2880 1513
3394 888
2204 2962
504 2444
2647 1887
4161 2055
902 3147
2179 2139
4462 3439
3205 1996
1675 2566
4133 286
155 575
2641 2286
2122 802
4259 1195
4015 1622
65 323
2943 250
1747 892
1932 476
3993 2285
5545 2111
2402 3203
3836 1439
3028 4702
493 1676
4535 1328
2695 3339
3537 2950
5524 407
5779 900
1541 4042
3623 532
5140 2465
2347 3213
2479 3902
14 4369
5381 802
4319 885
1381 3389
3883 2232
864 5207
5946 4400
1 3885
1368 4267
2508 638
2011 2021
4351 1077
582 2770
1062 1894
2559 740
3595 4105
5942 2202
3778 3738
5023 3456
3714 1302
4580 4165
5194 2523
2109 3459
5134 3541
3594 3499
3986 2068
3953 1793
1982 2689
1633 2456
115 864
5241 1504
303 3414
1270 1573
1568 290
932 4447
1656 2283
3257 4717
817 51
3706 4104
258 4000
905 1411
969 4388
5835 3134
3706 3722
2694 3754
781 1526
400 3437
1357 2800
3152 1628
5738 4314
24 3128
5001 4400
5605 523
1243 3434
1264 4368
5731 3553
4148 4115
3871 4376
4305 3687
1824 3723
880 4420
2305 369
4577 3966
5769 3866
1382 4387
1212 2810
3837 3615
229 3869
4892 1839
3227 2645
2634 121
5282 4492
5934 5261
3700 1620
2506 1493
3251 1265
1326 2246
3980 3782
4800 622
1946 1607
26 1567
491 452
2429 1802
4626 1287
2822 1304
5629 1918
4427 3337
1406 1342
2952 2565
3805 4138
4858 476
3602 4239
2216 2429
3666 4300
2089 1296
1408 469
5899 4069
757 610
923 1384
4767 4386
2826 1821
2409 3159
5570 1403
5799 790
2454 2112
5232 2175
5905 2396
5152 4169
3989 903
4037 1945
3522 4594
4127 4098
481 2958
5677 557
888 466
5074 3571
4557 4030
2627 1862
2700 4531
3415 3630
1610 1850
3995 1305
3575 2910
3708 3149
1613 22
1727 3577
5550 440
1103 4309
5713 3649
291 366
1818 5507
1330 290
2112 1247
5475 4964
1926 1814
52 641
5161 1043
997 4166
5725 1827
3281 1157
3602 11
1296 2801
4533 3456
5271 3800
1270 3502
5499 4065
2107 358
2348 2920
3257 4595
1994 1972
5363 4458
2594 384
2995 4218
3259 3154
2715 1338
5142 4575
1307 2106
2356 2833
1523 3878
5076 4274
1255 1200
5317 2789
2807 4580
1637 3993
3595 3608
2411 1487
3217 58
489 4517
4735 398
553 1371
3430 529
5567 4538
1544 2455
3900 472
674 1481
521 2666
1035 4522
4206 3982
2624 3798
4356 1820
2132 824
283 4516
831 4293
2745 4633
1599 3043
3237 4367
2728 4419
758 2991
5249 634
5190 702
1291 4646
5634 3635
4058 3257
1065 1414
2439 4523
4908 3742
5635 3804
945 4486
4174 2424
246 3990
4174 2546
660 4193
2300 4426
2138 4563
218 4400
76 4257
1659 4604
3407 2483
1998 3193
1350 1582
4920 4085
4352 2429
165 4625
5204 4452
3888 4650
5573 2133
4341 3130
4332 4527
1493 340
235 3447
284 880
3929 4053
1498 3356
1062 515
1662 3872
3006 1489
4201 1047
1846 4193
1648 2296
1331 1024
1233 4374
3370 4687
5749 483
2093 630
2435 1020
2858 451
3808 2367
666 2338
4930 3863
2784 4256
5762 4563
3485 4308
115 484
803 2708
1974 4344
1617 641
5070 3286
1269 2957
1618 2092
4601 2035
3490 1014
5311 1021
102 4125
71 3930
1693 194
1086 1953
3900 4719
3966 3776
5632 5027
4095 2858
4251 4219
5137 364
3866 373
3388 5048
5890 1670
5313 4054
4523 4618
4260 4291
171 4250
754 4747
1102 1158
1346 3947
4124 2213
162 4413
4022 4744
3583 4327
5934 3487
2455 1423
2717 3480
1370 4558
3703 4713
4832 4417
4094 2884
1940 4482
3281 2651
3831 2785
2200 4526
4034 3385
2863 1259
5109 3610
800 4904
4088 4018
5268 1759
5443 190
5652 530
5881 4430
1069 3336
560 4526
3600 4611
5308 177
1415 1655
3452 4676
5984 5050
3074 1928
5087 2337
3527 3143
5380 2753
3745 4130
1297 52
1141 3833
4562 4798
2902 1523
4620 4507
1815 617
3349 4757
2409 4790
3856 4372
5885 103
3887 1348
4138 635
2123 4491
5090 3609
2320 1605
5452 4544
5915 1155
1471 4408
4584 319
269 4473
4485 728
4951 4719
3599 4424
5568 1710
4670 4134
2391 2063
1678 261
3126 1186
583 893
2175 4521
4291 3964
4072 1894
3991 4741
4762 1194
2526 1953
2246 4812
785 1614
2662 4758
3565 39
5393 2845
4112 2327
3525 3617
5595 2966
2444 4650
1982 1753
1533 489
5473 1146
4039 2211
4874 2201
2730 1353
5464 1831
1388 4908
3686 2970
5010 491
1273 964
3010 4327
3665 4727
185 338
1561 4583
160 4789
5702 298
2803 4129
494 4288
965 2177
5925 4061
1838 617
5082 4773
1498 1452
4531 2039
4158 4104
2185 2992
4238 2844
3960 3587
2377 4445
3396 4067
396 1856
3733 1240
468 5693
655 2906
20 4469
1513 508
1867 3314
4767 1284
265 706
1201 4668
2298 4587
2872 994
3548 1140
5695 5386
3848 4897
804 4378
5368 4297
4786 1547
5959 4933
392 4680
5044 3279
2661 1499
1341 496
2677 4973
2067 2645
2197 4906
4675 757
3276 4943
26 1441
660 4776
4701 2963
3891 4943
4066 4715
1721 4233
1220 2839
4877 4482
3842 4672
5452 4065
4255 115
4759 4605
4534 336
851 2632
2376 3763
2692 133
2560 4644
5014 4922
1194 4676
1157 3561
5750 2504
5228 4906
2961 513
2978 3755
4387 4171
777 1417
5113 4580
4097 4484
1663 3117
5831 192
1163 4754
4248 947
1964 467
2737 4209
2485 3085
3556 3548
2467 4605
1157 875
5794 966
802 20
5915 2235
1761 3083
1061 3595
1496 1146
5233 573
1464 3954
2469 1930
2490 4690
3609 4386
150 5031
5373 3876
1546 4043
1795 707
3677 4977
5002 4979
2856 2913
490 2177
2971 882
2611 4050
2249 245
2813 1138
3924 1528
1677 3384
5855 4295
801 455
301 4116
3937 4821
4784 5016
4754 5015
4689 467
3125 4507
2153 4931
3394 66
978 1399
1716 4625
4349 4603
4384 3584
2134 4391
4234 4665
5221 5651
2934 4887
1887 508
898 1111
269 4431
1163 4981
5134 3540
5462 1940
606 3645
5364 4471
3827 2611
5960 5129
2498 2504
4553 4753
2361 4598
40 871
4096 4980
3081 4092
4045 638
2217 1510
2887 4995
4637 3799
631 4549
4428 657
3222 4636
5439 4970
5694 250
4336 644
1725 5108
944 3171
3157 4920
5690 3129
3666 4916
5939 4739
1814 4421
1878 972
336 2363
5793 4170
2917 4897
2390 3590
1532 4739
1078 1975
1016 645
2768 4539
1668 342
4466 3854
1862 4809
2086 4871
3307 3793
809 499
4687 5162
2430 4750
5253 5175
1289 4341
272 5059
2220 4165
3694 4908
488 747
3456 1655
902 606
581 4311
4936 4858
5668 5143
5879 4581
3734 1171
3352 1446
5537 1248
257 246
5528 1892
2130 3556
4574 42
1690 4385
2512 1105
783 2556
1371 950
5742 3324
20 5206
3248 5065
4166 4078
3973 5189
4203 3716
5229 2617
5464 4375
5523 1208
5869 3563
677 1631
1345 4413
2889 631
906 4980
1098 2195
3419 4740
1569 4760
2375 5188
5475 794
2666 3771
2 5198
3681 3155
3097 951
717 94
1291 1331
4154 4679
412 284
928 85
1811 4413
3679 4890
603 2650
5119 5146
3391 5072
1146 130
77 353
5602 607
2174 4598
408 3882
4716 440
1324 279
3708 560
3042 805
4579 4428
2504 4435
2955 4059
5399 4464
1322 5185
370 915
824 5233
2429 3988
1804 5149
793 5097
5251 4502
2154 5185
223 4895
4559 3609
3387 454
3945 4855
1629 4609
4017 5114
1816 5202
4730 3326
3172 2239
2483 4081
3510 4874
5750 5293
527 5103
1139 3711
1285 1807
210 4236
412 1853
3102 4478
1634 5107
5518 3905
222 191
1904 2058
2408 5139
1999 5320
4002 5303
36 20
446 4601
1692 5110
3963 5282
3334 1328
5618 5178
1368 516
4718 1011
550 5134
1960 4150
867 105
3213 2829
406 3620
282 1907
3469 5040
1851 5111
966 5124
2835 2110
1483 4432
5396 5354
4766 304
1361 1421
874 4310
1753 4801
3070 3817
1755 1295
4477 5048
5063 612
3181 1544
3777 5311
3813 4990
5334 5123
3780 63
835 5271
1631 617
2850 4468
4240 1245
4057 4442
4859 1516
2532 5188
3653 5346
2545 4340
3878 1991
5711 5262
5053 359
4337 4063
96 989
679 5234
5640 2053
552 4490
622 4692
625 4730
5093 4922
5625 5292
3517 4490
1196 534
5684 320
593 5107
5216 4233
3236 1598
1611 5310
4892 5294
5713 2689
3793 517
1221 5414
5080 3556
825 1887
3263 786
1242 5427
22 5031
199 27
765 5136
5064 5156
1919 5151
833 5024
281 4774
1760 804
3148 2522
1450 5214
2472 4962
5682 1117
3010 5338
5546 5200
5070 3423
1748 5362
107 5069
3643 5041
1765 346
3782 4943
584 5019
3108 5412
2198 1685
5732 4848
4941 4398
3286 5310
5777 4353
597 485
1288 5291
1334 4130
3155 4936
5227 2477
4323 465
5971 475
5730 4506
2958 2301
2517 5362
3275 5373
733 1224
5580 5124
4293 4277
1456 2040
2242 5224
775 357
4575 5467
184 5473
5911 155
5139 2130
2099 5509
709 5468
4443 376
5760 5511
1967 4933
3679 461
4893 4646
4805 4639
46 5324
3079 5464
3336 5412
4554 5150
2419 2384
987 5168
5712 5289
859 5543
17 5249
538 4147
2737 5004
949 5525
2965 2850
1908 5459
2472 5335
1929 1113
4504 5336
4456 4269
4725 5407
4869 4928
250 4469
2780 5554
2292 5560
2198 5447
2371 5543
2866 4913
5047 5340
4046 122
226 5376
5165 4971
3782 5026
2910 25
3676 5140
902 5275
3190 5559
4656 5266
3765 5318
4343 5568
656 3696
1453 5105
1437 408
5310 4530
3333 5395
817 5135
2873 4857
619 5447
192 5427
5604 5493
2940 5350
698 248
5063 4958
5353 5531
4727 5321
3891 5526
1248 5418
512 5602
4508 5605
5512 5462
5980 3890
665 4381
4821 246
708 5588
5606 1266
5925 5573
1108 5505
1494 322
3494 379
1716 861
3771 4739
160 5600
2279 2452
5360 5502
4611 5557
3816 69
2617 5404
2781 5628
2871 4563
3565 5422
1537 5295
2869 67
2255 4677
1675 2620
5453 5599
1896 1882
850 5150
1613 5625
1228 5336
926 5229
1344 5641
3177 5593
3011 5653
2368 5662
3989 5662
4544 4045
3297 5387
1230 4491
4074 5665
5574 4808
3321 5573
3692 5305
5012 5659
4586 5600
4997 5326
193 5871
5434 5478
4324 5470
2586 4497
5411 5637
2733 5486
2758 3698
5022 4211
1082 1462
5118 1066
338 5500
5697 5528
3866 3565
4573 5044
538 5563
4972 5283
984 3998
4177 5690
3682 5608
2228 5200
2858 5644
3301 5236
1183 92
1876 5536
1293 5579
5749 1139
5120 1277
5463 5416
1803 5183
788 1656
3011 579
5927 5714
1195 5252
1697 5257
578 5706
335 833
4929 5672
4797 1493
4236 342
4521 4057
2675 5340
4634 4923
1486 5638
505 5665
3330 5616
54 5752
905 5718
3492 6
2215 5672
5258 5740
1073 5727
3781 5455
496 5247
3368 5705
5516 5578
1774 5437
537 5658
663 5781
4923 5771
3874 4585
5989 2062
805 4996
3433 282
4353 245
3001 5244
2043 4188
1986 4800
1839 5476
4852 4983
3796 5772
201 5521
4898 5367
5075 5395
1926 563
5366 5771
5879 1842
2872 5730
1405 5394
5809 4716
897 5258
3243 5642
1155 5799
1448 5234
5792 5567
1838 4608
4711 627
3993 5631
776 5746
3089 5596
2735 5748
1564 5660
714 5370
2024 5814
3245 5808
3266 5779
1913 1857
3647 5822
4265 5825
3474 5694
929 5487
345 5739
3818 5768
556 5285
5528 1641
2284 2512
2844 5703
2471 5848
2168 5789
3687 5843
949 5677
996 5817
491 5313
2170 5173
3568 5764
4043 3704
736 5337
664 5825
2744 5817
1357 5714
2951 5796
1550 12
2504 5466
2590 5651
4961 5729
130 5795
1347 150
1120 5802
2166 5890
3037 5460
5557 5431
872 5619
2194 5804
4025 5851
1864 5830
3028 5815
3904 5898
1789 5906
487 5881
3450 5888
1479 5845
4674 5896
298 128
1042 5798
5575 5119
5503 5503
4228 5619
1932 5769
1781 5864
3327 5923
2998 5741
5347 5582
2476 5906
752 5304
761 5623
5955 5733
3726 5924
3153 5667
1184 5761
1650 5927
4735 5404
571 5923
4617 5854
643 5915
2385 5922
110 5906
1951 5873
3640 5934
1948 5756
5206 5884
4956 5939
3957 201
4710 5575
3687 5893
5580 5934
394 5939
3113 5687
1736 5894
805 5125
1807 5947
5009 5948
3913 5798
2025 5868
1358 5437
1899 5912
2688 5852
2641 5924
1519 5949
450 5963
3372 5956
2988 5917
1715 5806
1816 5965
4144 5943
2744 5972
1956 5969
4939 5875
342 5950
3780 5970
5141 5861
4779 5814
4233 5982
4951 5797
2019 5947
1751 5956
2047 5983
5894 5957
5547 5942
5476 5977
4791 5983
4495 5923
5607 5940
3108 5986
827 5998
