8800
1270 13200
12035 13199
5762 13198
11901 13196
9261 13194
5331 13186
4449 13180
5944 13143
1471 13172
12234 13185
9268 13056
5647 13183
3000 13156
11943 13155
6588 13181
5058 13140
2727 13141
626 13154
6266 13174
1762 13169
783 12269
1629 10417
10630 13159
8857 12842
8447 13144
11574 13139
6388 13153
9452 12679
4112 13164
12453 12967
9753 13042
5001 12490
2985 13130
1271 13097
7825 13130
21 13108
11977 13143
7568 13133
6030 13150
1435 13149
6764 12867
7512 13135
11180 12905
7351 13119
3144 12859
2057 12995
1120 13077
3932 13112
8151 13099
10206 13106
3075 12120
1989 13109
5715 13108
4154 13079
1429 13133
7737 13084
11747 12406
11595 13111
10911 13005
648 13102
11770 13121
8472 13033
4355 13100
7296 12989
2397 13023
11043 13061
9536 12686
8010 13030
898 13116
976 13114
12008 13088
4338 12745
8515 12864
1606 12020
2175 12868
7068 13065
4877 12674
4068 12659
5313 12924
3318 12888
12278 13069
6489 13003
11478 13088
6531 13098
6396 12404
11735 2360
2806 13084
5622 12270
7504 12980
1160 13050
2539 12808
6554 12222
9993 13085
8511 13059
10450 12839
12212 12859
1549 13079
5919 12923
5213 10895
2966 13014
626 1450
2539 13060
9058 12838
8961 13069
4510 12482
3894 2385
5020 13074
12279 12986
5553 12725
1126 12989
6995 13033
8628 3593
7248 12781
10020 12900
4365 13036
10134 13060
5750 13042
9707 12254
5026 12576
12863 13041
1430 12879
7469 12873
6763 12995
7837 118
239 12962
12109 12613
13132 12999
2909 12909
1489 12871
3807 12172
6476 12996
6837 12237
5428 12854
8402 13002
9880 12936
6384 11683
11005 12538
5590 12877
8592 12110
9866 13024
8512 388
12397 12876
4049 12953
6077 12478
9268 12640
8443 12899
8526 12753
1190 13005
1843 12420
11999 10416
2247 12998
4791 12937
5762 12963
12490 12847
679 12913
11175 12239
5633 12750
6813 12661
2168 12905
11460 12956
4633 12710
5194 12968
11292 12863
11008 4097
3696 12969
12644 12865
9853 12359
8842 12570
8621 12412
6501 12335
11443 12107
10579 12828
11705 11586
10380 12388
6142 12861
12465 12742
7310 12641
11051 12379
1981 12880
11198 12790
614 12821
7476 12759
9703 11085
11648 12938
9527 12783
8561 12834
8134 12928
9660 12855
10194 12125
5842 12853
10263 12770
7623 12791
10892 12589
8490 12314
10597 12745
11563 10961
2735 11748
3167 12376
2983 12916
10003 12529
1714 12032
2152 12896
12201 12556
6760 12682
11581 12344
6100 10799
2126 12574
7190 12834
2088 12466
8035 11607
6078 12631
9008 12790
2754 12413
3697 12742
104 12787
2817 12314
2761 869
8448 12865
1406 1095
8678 12791
6808 10247
10577 11615
9893 341
9319 11507
5465 1981
3234 12766
12340 3665
9105 12776
8824 9329
13100 12826
6866 12821
6537 12858
7086 12589
2779 12813
5671 12322
4591 12843
12107 12739
11783 12151
6102 12805
4671 12365
4045 3644
975 667
4086 12856
4289 12796
8291 12450
7727 12545
4909 197
9191 12741
2650 12800
10509 12715
379 12573
5272 12694
5891 12801
4565 12464
5184 12656
6475 12725
2415 11736
8367 12786
2294 12671
5508 12638
12831 12695
8318 676
3762 10061
2108 11969
4820 12102
3182 553
7530 11865
12824 12371
124 12279
1281 11221
191 12393
1977 10940
5670 12751
4014 12741
5122 12550
2680 12483
8412 12771
12742 12792
11290 12785
1876 2377
9917 12352
8787 11040
1976 2129
12808 903
668 12725
4893 12680
6156 5456
12862 10639
9025 12069
11132 12711
7897 12171
2866 12113
4870 11889
8173 12217
9343 10749
3156 12517
4004 12640
2549 12708
8343 11136
5893 12724
11318 12760
1374 12678
5411 12
6297 324
5397 12708
11043 11525
7648 12284
4149 12614
4250 12524
9832 12498
3526 12332
833 11662
131 8530
10291 12527
1191 11802
6937 11373
1627 12200
6918 10633
1111 12669
1458 11770
10395 12316
10436 11725
12759 11767
4498 12062
9738 649
2443 12636
3766 12232
7254 952
9304 12529
6085 12137
5827 12613
12774 12304
6177 12511
7352 531
3043 11757
6870 12631
7354 12252
1180 1890
5859 12019
4590 12437
10513 744
3599 11314
691 11735
8242 12511
6049 12592
5692 12283
11529 4140
7111 12627
7945 11761
4343 10745
9560 12586
4391 10597
11508 12659
11395 11838
11963 12662
5798 11447
5099 12365
148 11563
7248 3871
3162 12331
5216 11209
7079 12642
12248 12544
3073 3060
5598 11401
11477 12457
7311 10748
3842 11872
3220 10670
746 10315
10077 12652
7411 12450
10396 305
11394 12258
606 4580
12308 8565
5217 12641
10214 12514
12705 8777
9415 10266
3511 11953
1015 11526
3922 2312
6981 12279
6657 12324
3165 12645
1129 12176
445 10104
8463 12639
1007 2483
6067 9250
9041 12032
2149 12244
1737 12350
817 12335
1486 12229
9110 12026
3486 10133
7497 12235
12248 11287
5969 12554
566 12490
9763 12052
9480 946
1420 10985
4406 66
11446 9847
6816 10653
11310 12607
1736 12587
12145 12294
1263 11768
3435 11722
10120 12535
2130 11682
1015 12551
1042 12490
1666 12500
264 2362
3551 12289
1821 9829
6748 12598
9689 12476
9591 12218
6853 724
1517 12305
448 8443
6911 10560
8113 12263
10826 11161
9939 11889
1928 114
8455 12522
3324 9475
6881 12102
5485 12237
3624 12420
9401 12357
10884 8936
157 11633
3618 12105
8237 9746
2367 11791
9352 11971
11094 11284
2514 12175
8011 10970
1431 8785
2205 1659
10685 10052
4721 11246
6150 11531
12252 10479
305 11635
5531 12506
3394 2204
6587 5508
8632 11928
1034 227
6273 11791
4553 1066
2965 450
704 8973
3188 11256
5724 11063
6486 12021
7189 12014
5199 3281
8646 12313
11901 12483
6170 10953
3124 11219
3992 12006
5348 11805
9759 12082
278 11650
867 11338
3152 12489
3282 12083
9200 12104
1485 3878
902 11275
4580 12456
10309 4393
11872 11614
8722 8911
11380 1553
6083 12109
3741 11314
10013 12300
7715 12393
9263 12201
587 12483
9935 11731
11481 12206
9507 1556
2348 8404
12623 12342
3644 2852
6680 2352
11784 12278
2458 12298
7117 4648
10918 11738
371 7489
6524 12005
6776 87
5517 12094
11741 11963
10735 12398
6444 1292
4370 10967
7265 11123
9639 11723
6907 2411
9346 11524
11560 12264
3918 9429
10946 12347
2500 2282
10151 11240
3744 11454
826 12093
4141 11165
720 11712
7312 11969
706 9646
8291 12039
8601 721
2987 12138
1513 12370
9234 8913
4586 10567
3729 10472
6149 7779
2189 11346
7409 760
625 12339
1226 11167
6772 12368
9692 11562
1852 592
8078 12185
4540 11876
8369 541
13092 12178
3221 11729
7821 10822
11156 11528
4690 12371
7981 9378
3283 10124
11424 47
9081 12070
6250 10033
12490 12230
8048 11354
3971 11431
3198 2736
5214 11814
2911 9229
9193 11325
5064 11580
12697 499
3327 11717
1547 10694
4097 12365
10165 11835
8556 10012
13144 12118
7382 11841
9757 2918
1353 2142
4066 1612
9581 12275
4917 12338
3407 12097
82 12093
299 11057
3914 3517
1400 3211
12425 12263
2089 7244
12610 1660
8617 526
3113 11816
10375 11654
6855 12134
7309 11985
373 11955
8828 12166
3255 12273
4852 4875
3163 2194
717 11865
981 10986
107 3279
7154 263
4111 12217
3131 11288
13028 11200
3680 11152
4174 5202
4112 11645
9108 11651
5756 12225
6056 11194
12975 11104
12746 12174
669 11242
12015 11639
7839 11987
12186 11000
1499 11461
2982 11713
1245 11945
1114 11450
17 7649
8583 12254
2542 1884
7896 11969
12931 11712
4633 11922
5574 650
12502 9609
12032 9305
5854 12221
10221 12158
3952 10379
6036 2600
5534 362
12761 501
11278 2948
4765 11823
10132 7724
1418 10387
7441 12234
11335 10908
3270 12107
1537 11500
1202 12241
8474 12234
1216 11572
3543 11295
6634 11932
3087 12114
4690 8870
9970 3958
1562 11991
815 11168
463 11915
5351 712
11750 11480
1509 10020
3461 5176
2401 11837
4884 10793
1775 3576
6748 11476
7899 4517
3013 12190
5805 514
11407 2347
4059 9164
2345 8840
216 9332
3229 11902
665 11205
3520 10594
3125 11601
921 10754
12966 8999
1099 10069
8229 8547
12483 295
3651 191
2988 12167
3387 11082
3575 689
4395 11175
10921 1188
11248 11996
9247 11266
10115 12139
8031 11963
3558 1794
9106 8645
4291 10085
10579 6322
6201 11615
7277 487
12038 1472
11253 10837
11325 6153
7362 11613
8008 11782
12513 11791
7522 2790
272 11769
9014 9858
9184 12181
12746 3272
11014 11544
6877 3848
8546 10462
12967 9715
1240 11207
2034 10648
1813 10960
10977 8919
7306 11067
7929 5624
3986 12064
1610 12039
7573 1589
1774 12024
2975 11294
3818 1625
2392 12111
3917 2606
10988 10908
12523 2422
3053 10823
9589 10462
6273 1531
3939 10183
3573 11659
2629 11935
3896 4984
2630 12064
6044 11994
2196 10104
2574 11348
12035 8193
5158 11732
9591 11878
11749 795
2884 11844
6603 6654
576 3393
5778 11926
10830 1948
7481 9044
849 11075
7998 11593
6781 2726
6012 10959
6402 11454
12255 10808
7872 8703
9796 1489
4857 12088
8692 10526
11447 9204
11355 2134
6108 4058
7905 5252
3859 3646
8250 10202
8444 3537
10536 11542
9758 11788
12919 1173
2095 2098
12974 3380
1496 11775
93 3179
10387 11371
9270 10580
12766 10225
3577 11146
1629 9988
4133 10953
1357 10882
4062 11155
8987 230
4604 11883
12522 11198
11137 6480
465 11910
6463 2407
1507 1348
11631 3388
8561 1661
3882 11973
8250 9969
3238 11390
3622 4529
2434 11842
7439 12073
8468 1275
5971 9858
5456 10259
8218 1482
12309 10936
12622 9825
9985 2735
3965 11520
9563 8876
11949 10912
6825 11500
11258 11446
8673 10535
4405 11890
12659 9223
1279 10473
1864 11575
1853 10210
3126 10304
3850 4072
586 10648
355 10169
5401 916
9322 10300
10666 10430
9883 8242
731 11376
4761 4897
10524 7838
4449 11370
451 11792
7411 7182
6968 11831
9038 11897
8584 11473
6490 10873
4800 11422
2873 57
10824 6671
2561 9821
11965 10249
325 11338
10536 11902
11703 1628
1095 649
9252 11944
4968 10956
7266 1900
5577 10297
5965 10839
11001 4400
5527 932
4582 8857
10801 1068
12157 11484
2377 7207
4649 11976
3033 3061
11375 9351
9652 3041
12386 11668
1303 11636
5301 11578
5447 11614
8211 1251
478 7947
10826 11037
4416 8483
6415 4218
13000 8956
10412 8536
11172 11319
2124 10995
10836 1985
2416 1362
6687 6378
2592 11237
6501 11915
8924 11345
185 6338
1983 7089
12349 12
9562 45
8880 11113
695 11771
8102 9994
11349 464
4608 11467
3248 11256
6040 4455
11531 10019
12708 11896
1995 9885
6621 1221
11577 3110
428 11033
5087 10534
4498 2937
4443 10416
10574 5408
4717 11690
4286 4017
5103 11836
980 580
9349 11283
12794 11572
1942 9836
973 11339
8605 1771
1886 11822
3289 11551
11755 11176
2784 11214
10181 711
10511 11481
2308 7905
7365 10507
10279 11567
3238 10114
9644 7772
8229 186
3656 1505
10415 2708
2080 2689
4823 1611
8519 11757
3700 11220
3251 11032
9597 11813
2282 907
2247 11094
12921 11410
12379 9006
5390 11819
12372 9294
8641 7124
12857 9544
9153 11420
4647 11246
12166 4999
12286 10715
5219 11382
5029 3336
402 6915
1331 9503
647 6082
8181 10086
7843 11310
10555 10997
5695 2702
6047 4622
1597 10903
8542 11836
3625 11671
7862 1209
9113 11687
2399 10157
6760 11435
11870 11334
7635 11812
5096 10746
4139 9428
5001 4898
2628 11587
12192 3165
5461 1752
11987 4911
5102 10280
10417 11411
52 11652
725 11559
2248 950
1127 1876
12613 9229
4966 1388
2968 11100
2530 11795
8087 11188
3958 1605
1728 11420
9267 4038
3657 2111
8104 8383
4437 112
12106 7493
12099 11764
4321 409
9615 11588
11312 7798
10632 3579
6787 3414
2356 5167
3783 11442
9462 2099
9438 10946
3299 10295
5483 6078
10290 9110
8519 11032
6152 3742
8193 361
2560 9589
7002 10797
9017 1659
10780 11605
10911 11626
9990 10576
12447 2634
4955 3589
5741 11587
10942 11419
4609 3004
3109 10304
12722 10998
2070 10870
1207 10614
1828 5902
8019 4353
667 11434
1564 9585
7289 2096
6182 11748
5611 11008
8660 2121
3016 10812
340 11439
150 11709
9391 9133
9383 8104
5725 10722
2894 2136
4872 9994
7491 10999
7330 263
793 8097
5040 2742
8174 8015
12868 3806
678 10572
2172 9562
1264 11353
3183 11530
5505 1795
8165 11257
7111 9102
11074 8774
4586 10494
3042 7740
1245 5125
5107 1300
8004 11218
9174 139
4410 11405
5118 9161
7480 11428
7073 11154
9028 9291
7912 4047
4569 11324
885 11171
2003 11366
1536 4361
8144 6770
12152 10261
9307 5911
6587 8697
9520 4005
4594 10488
1000 11422
11415 11063
3671 11197
9886 9333
13030 418
9436 11239
3902 3536
352 8752
6618 7835
6758 388
4100 9257
9714 9459
10387 10912
10166 2925
9380 11030
11378 906
11855 10295
8101 8836
3765 5318
905 11211
2408 7126
6653 8939
7638 8878
12659 784
7023 10684
10510 11527
252 11585
7780 10525
7687 4681
1034 1912
12863 10602
7902 9147
9073 9202
2276 4952
3874 10812
3806 11272
3450 5726
3510 6619
4724 11400
7291 3167
4069 7356
12463 1680
10109 10949
2737 3804
3525 11261
1860 11491
12913 10849
11513 7994
467 10292
3932 10756
10149 1151
4639 2125
5632 8602
12186 11542
12440 1931
10654 11300
6421 10411
11581 9598
3906 11141
822 11080
8218 11237
4043 1809
3549 10114
13167 223
11103 9208
10877 11009
8367 11561
12254 10956
10891 10688
13187 7711
6447 7702
1601 10049
3101 4800
4479 11407
7781 5602
8799 11443
394 11049
6302 6414
2658 11484
9500 1150
9973 7509
9709 3278
9557 1286
13169 1711
9957 231
12363 784
8795 8505
11061 2699
3732 6388
6697 89
5949 11362
5923 11
3267 7943
9679 2884
12884 3586
1912 9115
10841 2957
8734 9209
2545 3764
1264 257
11704 10663
3409 10765
3713 10037
4656 10224
12674 7928
645 8465
2562 10281
8256 11332
2185 11364
9791 10496
8092 11403
1985 9816
12768 11023
3090 1876
12693 7804
9040 9028
10804 11233
1184 216
9637 10960
12808 8404
7079 9652
9642 9688
2691 10745
10299 11265
10145 10429
229 5872
4252 2907
1423 10235
9877 618
8272 11182
8492 3553
4840 8
5050 9312
12103 2313
10175 233
9927 10292
10916 8463
6281 852
1843 4362
11860 955
12610 10138
2133 11378
1085 10569
3906 11347
12603 5748
5711 11262
351 1514
1507 8949
10588 10978
12122 5445
5213 2338
10186 11387
3416 3629
8080 9874
8222 11058
11380 9979
11187 8163
5863 9524
6159 4340
10973 6469
410 9050
2230 7673
6330 9380
7015 10016
7907 5669
2536 10785
13125 9568
11652 8463
1094 1157
9333 11395
13091 10893
8694 8722
5990 8379
4291 1681
5523 5121
12325 11302
1506 1376
1064 4156
4853 8703
11285 7408
10280 11219
2877 10874
6629 11271
11883 11149
4126 10858
3145 4511
8408 2362
10397 5642
13177 10909
4802 1598
7435 11021
3831 3725
12359 11001
1161 10782
4710 10091
12195 9810
3054 9776
76 3176
11721 6928
2483 8208
13191 9592
12489 9478
2331 905
12260 7280
5931 10097
9144 9733
1817 5865
10860 8457
9055 7479
4053 11175
9105 3263
10426 11257
9530 9326
943 9337
7368 1378
366 7376
9191 4417
9208 10224
12412 9671
6613 8957
10435 4202
11403 2783
12172 1209
11818 9332
8712 11193
10194 3754
2278 10776
1944 10062
8075 8618
5098 11157
1488 1052
6290 11196
528 5990
12777 7417
12320 10002
10170 8809
7537 2961
6882 2833
6255 102
11946 11230
2576 11099
2951 8959
4976 8390
4959 11106
7226 1385
726 563
4881 9399
4533 10045
10063 11194
3326 5175
1673 3396
4064 3694
9014 268
757 10706
11773 8644
2799 595
8399 10338
9307 5261
10985 3563
9329 6709
4361 448
5502 2969
13021 11177
10134 6671
12075 10560
4888 199
10649 6024
7777 10371
1009 9547
5444 10501
336 8526
9127 7800
140 10673
11549 3572
2187 8525
11006 1120
12227 2523
10450 10937
688 5989
11019 8798
8324 9310
7738 10387
3209 2137
11374 6853
9069 2407
9835 3368
10246 2839
8651 2072
3798 3172
5237 10345
11451 3332
419 4730
7045 10035
6332 2809
3537 8075
10247 9287
2630 3559
4092 2710
10252 556
248 3107
10945 10792
6643 10161
1073 10792
5250 9804
926 5976
12690 10506
4417 10828
6372 10632
10372 10420
465 11124
2983 4499
11200 9800
3063 5782
9504 10894
5904 813
5326 10081
1422 10237
12433 10173
11002 9314
6541 1091
11163 9708
4269 11211
3294 2716
3017 5033
9450 10112
6624 3021
621 10586
4458 3915
7326 2862
12641 2208
6445 10238
2618 10245
12260 4694
3005 5497
9169 9850
6657 7335
4512 9590
7824 10175
1747 8054
1514 1909
9847 4287
12103 2403
3634 9274
11144 3307
1496 5016
12215 2006
9304 8936
4902 9825
3344 2872
10174 11072
11268 8742
10811 11162
12844 8942
5814 9365
1574 9336
12997 6364
7436 2728
12735 3728
7658 10051
10676 2614
2715 9598
12543 10554
4795 10150
1502 9445
4013 9867
10307 4251
12283 916
11287 1276
2581 8989
3290 5010
8840 4233
186 10002
7796 9422
8366 8867
604 7549
3107 3823
7389 10605
9501 9866
2868 6280
7651 9977
637 10260
8032 7743
10947 11034
1985 3394
2251 4272
3763 9831
860 10086
11222 9704
5668 6469
8488 6836
5929 9811
10431 344
10442 3763
6788 10472
2883 9955
7413 9019
1001 2595
93 5474
2080 1948
2005 10159
11820 1315
4024 10614
10536 9012
4769 10195
3332 9109
2307 10357
7532 3791
2121 8857
5532 1283
12238 8574
8252 9728
12062 7008
881 7833
10626 9099
4431 10293
6251 7344
10022 7797
3232 10976
4494 10395
6596 7418
517 8389
3022 9492
5122 10900
4144 10321
8306 6283
7943 1492
4787 6226
11998 10554
5151 882
6071 8248
4676 5072
8162 1798
941 10850
966 8290
10672 9698
1307 9097
7287 10954
2535 10738
7908 9125
10691 7465
8694 8910
489 6631
12487 10995
11215 5222
4995 4444
9264 10079
6168 10405
13074 9743
7024 8808
6389 986
9691 8736
10071 9800
12505 9735
10031 9924
12278 379
11754 4979
7478 8592
8139 10945
5527 4924
6177 8027
6429 3389
1792 562
10546 9330
3037 1300
2661 10543
6965 9365
143 2262
11926 4863
2712 4827
7008 3297
4785 10916
4336 5006
7217 10937
12853 8129
7614 10551
3445 10224
5300 3164
10165 6267
4300 8252
12304 10516
11990 10201
11774 2922
3704 3327
5428 1755
1750 10891
294 10954
4588 10284
379 2952
2958 10623
7468 9989
12949 10556
7535 9394
7759 10835
4203 10916
3804 9614
987 10699
2089 1371
3168 4110
2603 1564
3417 884
6583 8093
455 9638
1326 8246
6537 3275
5057 9846
4627 4089
7349 2942
3030 9868
3958 7735
7588 4915
6536 3730
5620 9974
5353 4177
138 10201
8026 4109
11605 10370
4152 4898
11330 3611
12521 9037
653 5599
6628 10419
3206 10685
9986 10564
9841 9486
586 5740
9312 4158
11908 6705
1102 9303
5958 1345
6825 5292
4531 10439
7880 577
7083 3061
8305 2769
7864 10446
8132 2131
8259 10391
1226 544
8446 9424
5688 10484
12103 8849
4761 9355
9132 10823
1558 9605
3499 10444
2730 5772
8941 10270
4796 7559
8469 1809
6167 2238
8288 10243
9759 5871
4438 4445
2530 2379
4820 10469
9387 9968
7259 10856
4835 3420
12030 7812
6731 10683
9816 2469
7322 7585
9141 10139
7561 9304
3777 980
3811 2249
5029 276
10300 9359
1561 8754
12429 9013
7544 55
9353 3731
11608 10010
7702 10166
8341 10339
1250 9743
5225 1051
5207 10580
6581 9105
11970 1638
3709 8079
12159 9116
10718 7011
5107 3647
3790 9655
9044 5857
5501 8800
8081 723
12949 9949
7594 2339
566 8197
4159 9518
4107 3362
3052 8770
9503 1021
2868 1164
5645 9992
6118 7184
11621 9403
5608 11949
8188 7507
9294 8834
2670 10226
9507 10454
2299 10227
2661 10207
5788 5497
7928 10308
749 10603
8095 8953
13110 13
12886 1245
12357 7596
9664 9168
10629 10134
10946 4232
3174 71
8037 3560
13037 9799
10853 10226
3802 9779
10297 7498
335 10109
10845 7922
10037 10017
1344 9660
8458 476
3354 9845
7016 7384
1075 10038
12964 1480
1017 9910
3893 7198
9434 9496
4801 10069
3768 1897
11744 7322
12946 7813
7888 323
7408 10069
902 7947
4155 1086
11589 8413
4676 8095
2932 5363
1619 85
7078 5061
11875 930
2636 1477
8736 3268
12346 5286
13016 9045
11118 5154
2375 10533
12165 4839
10170 10311
7285 1353
12225 4616
2293 1713
4053 5181
3662 9680
11771 3237
11296 10629
7759 3537
7448 6097
3883 4432
1810 8439
8536 4599
3971 4798
9792 2376
11189 4482
10269 3824
3736 9658
8086 10518
6608 3061
6164 11649
89 2986
6705 7062
5237 9452
2018 3928
9067 10584
12573 9258
9694 10284
10109 9950
9788 9187
5893 11978
3390 10589
12052 3284
8851 1295
4832 9217
2800 4118
6015 10120
1602 2690
12754 10255
1346 7363
617 10125
926 6495
1477 6159
9747 9017
10880 3838
187 8896
5318 4751
6492 8343
9609 10622
300 3197
1522 1382
2796 10434
11866 1568
3421 799
8440 2465
4249 10586
12869 10144
8181 1352
299 3584
8550 4290
7246 10350
13019 5940
1581 10592
954 350
4787 2786
4187 1945
772 5249
9686 10170
2534 10130
7761 10078
11029 2744
10826 9889
2469 128
10516 6718
110 9272
12411 1710
8459 8716
8702 2301
7324 2222
3293 10254
6992 9194
1379 9542
9983 8464
10080 8740
2582 8330
658 3354
6005 8824
9220 1930
3628 1117
10036 641
10543 9754
2042 9518
6804 6013
5807 5618
5715 6598
2913 3239
12707 8792
7585 5888
7121 7835
398 1502
5801 10459
10248 9454
3061 330
11481 9758
10463 9911
5831 9262
11983 10327
1185 4319
11293 9602
5996 541
10716 9821
404 8633
3758 3328
6139 7753
12572 9659
3954 9733
1513 9380
2986 175
10407 6574
9259 7851
2001 8999
4559 4985
8955 8213
6857 5070
4956 3953
12483 110
9200 1780
5804 2962
8279 6981
2360 1868
964 9655
1559 9807
94 8852
6234 6969
8891 452
2309 7273
1846 7793
7883 10132
2379 5332
2039 10392
7556 4538
937 7555
5809 1662
5846 9662
946 934
6021 1268
12758 1734
963 9568
4222 6724
6848 8618
4136 4694
1489 3516
12380 9417
398 10247
3796 9515
8521 8778
10618 9995
9530 4114
10532 10424
11079 8104
1608 1342
8164 8504
12928 1285
9368 3478
6260 4426
3620 9588
4491 9105
5366 1858
4755 4599
10603 7323
3772 9655
11818 2215
2404 9711
12168 9499
5706 9780
2008 7085
11283 9569
7929 9513
244 9889
13009 9579
922 10402
4132 7573
5909 8418
637 870
4419 5947
1300 8108
11359 3093
6441 409
5610 5966
5422 7183
8924 10187
11304 2299
9718 10045
8085 9556
5160 6075
9725 6216
6204 6628
4963 9043
3130 1048
5425 5803
9926 34
4836 5388
8780 8672
5138 8547
11416 2956
6029 6104
5148 4979
12784 2079
9483 7979
8842 8731
329 10323
11709 334
6850 2061
7540 9307
2302 9558
654 9213
1706 2584
5892 4813
622 9593
6414 6933
1743 1450
4280 2666
11956 7864
581 10001
886 9671
4880 9736
11306 7540
6688 1391
5137 9770
7365 7384
1865 3390
10755 8127
7754 8275
12719 10125
6991 9626
10369 4667
3570 8762
5395 3142
6756 4357
11849 6161
2063 8096
1201 233
3568 3517
5082 3188
3521 4350
10734 1661
12434 3385
11663 10320
11130 2658
2326 673
11577 10191
3146 10201
11967 6844
205 8621
4835 3915
5392 9542
1549 8777
838 9790
1875 9603
8396 2123
6175 9401
2346 9730
3887 9537
13028 2168
5662 9043
1752 3765
1066 3674
7518 7433
2123 8555
2654 4378
355 6737
12033 5672
7061 907
8728 8936
351 7575
3546 8102
11620 9640
3855 54
3096 1882
9431 9421
1936 10244
4014 3744
4491 2587
8618 8642
9842 5541
1528 11321
585 1419
538 6604
2773 756
1331 9153
10398 8478
3447 10195
2578 6138
3989 9918
10967 4420
12931 7342
9601 8912
11272 9394
6710 3444
12167 7225
9012 2804
6569 9556
11155 7061
2727 387
8635 8301
8843 9449
9941 10221
6617 9817
970 5977
9644 3829
12118 9019
10043 4359
4387 10171
951 7517
13110 9674
356 9676
4039 966
4887 7093
3516 3561
8413 5787
12563 2708
12676 6914
3343 8543
3710 9455
357 9000
4022 1651
102 8512
4450 2491
10702 7596
9653 9993
530 8775
7406 10364
3274 3110
1974 9172
4973 3173
573 9304
3161 5623
6241 8360
9538 8214
6956 4147
12000 5811
12519 3555
10822 808
3680 9785
11513 6913
6160 1928
242 8489
2585 7552
4578 1469
2666 9211
9028 6612
11507 6249
11415 9572
10549 7493
6983 4379
7320 9863
1387 4540
6951 9473
8052 1844
3601 8519
12561 9558
4152 7877
7569 5960
57 7984
12650 5989
11948 9784
2956 6751
6227 9062
3734 9571
7244 7258
3134 2143
11308 7664
11798 9701
10550 8957
12076 3057
5098 6070
1711 737
697 1181
9024 8523
7108 9114
5103 5837
3387 10054
7979 9619
1119 12616
6147 9853
7187 2895
9763 6096
12024 7632
6176 3536
4893 3704
2713 9473
3929 2252
8558 2172
5150 10033
3155 9711
10484 10105
9850 8314
6520 6853
3379 10682
1967 9338
3224 9099
3173 9082
7261 3144
4339 9106
1609 7560
11258 4541
9002 7954
2379 7671
1924 8899
2022 1800
2725 2905
5785 215
1514 6933
5102 4395
8938 4235
10516 5932
745 10053
7864 109
2346 6831
7114 9317
379 3869
3133 3661
8050 10821
6836 6398
12852 1746
12566 1678
250 531
3939 8740
7117 9817
6806 4586
6879 8295
5013 9675
2861 7559
8571 650
4434 3635
10844 9796
12477 1180
11359 1605
1620 9866
5753 2833
1330 3
5106 6358
2258 9682
940 8398
3337 7179
6829 9455
7115 2089
310 7161
3090 2765
6204 9629
6689 3493
12026 8833
2359 6708
11591 8103
11666 7659
1426 8323
6075 4504
6731 2854
9456 9619
4686 9411
11616 8211
8574 8268
7963 6807
4369 398
6257 4433
8083 7557
3260 9103
4482 3280
8274 8296
11054 8682
7424 8359
12211 5281
5295 1658
1149 8537
3665 5490
2380 896
8588 4208
5278 2238
12459 535
1561 6071
3937 9621
2471 2730
9897 9863
7531 8569
7941 3941
3491 9220
2060 2378
11703 5226
9426 2382
8740 8230
9733 8440
7668 4730
9033 2359
5300 9789
10264 3770
6678 7924
6449 9464
4342 7824
1083 9426
4052 2127
345 9369
13090 7926
2136 9333
3531 4909
1983 6808
7466 8705
1811 9213
7541 5929
12751 5458
5204 3775
433 441
7632 10284
1851 9911
7267 4671
789 1153
8371 1943
4404 778
233 8084
7544 7779
9063 9753
9253 6810
11673 3649
7931 9070
1162 1801
7519 2759
4447 1915
1690 3384
454 3633
6090 9552
6898 9340
4253 4261
11727 10122
5645 4363
10127 6303
7743 2525
5548 2787
11229 3012
8561 8228
1709 892
11262 4723
11399 9845
1867 12401
864 2678
8175 8557
3877 553
4897 7252
12831 4359
12541 8176
2356 4684
4170 6091
7951 907
12518 7573
1387 2988
11178 1494
6553 7931
1489 6264
12152 9470
1783 8535
8698 1452
629 5006
4433 2624
5062 5113
7086 1371
4074 3779
9912 1661
2095 502
3175 9073
9933 9086
432 9375
6428 9555
12453 1364
12106 9754
3646 7724
1330 6290
1939 2573
12437 6883
12652 3714
6477 8488
5124 4148
8100 9608
9174 1208
12746 4000
11849 6404
6664 4176
1073 1330
12593 4505
2371 1680
2893 8362
2323 8460
3482 8279
8743 54
2580 9570
7825 3637
315 9738
7402 3804
1876 8752
1570 7812
1448 7729
4019 2086
7700 1654
746 4007
6988 9197
4044 8983
1435 9389
11060 8783
4107 6081
11262 6911
10374 9313
11028 1535
2305 8869
9308 2410
1149 354
834 9588
1947 3360
6539 1394
2709 3610
9524 8666
11852 9437
8841 8329
2520 724
5169 7963
1579 9683
656 5252
2488 8654
341 6269
1764 1335
3264 7074
8770 9315
7034 7170
10306 9462
8406 5355
9016 9074
9847 4872
361 3296
480 5752
12133 9522
2101 1846
142 2640
5379 9408
446 9401
3414 8587
5779 9300
4873 2692
5479 1838
1933 1753
1795 8771
9256 9567
2285 7965
6582 2302
5381 8852
2499 9570
977 7266
2741 2842
4477 4953
12825 5388
1315 8662
11502 10482
11942 1354
5897 7238
12344 7172
6069 4157
8478 8115
12716 2299
11701 626
10715 754
1476 9634
53 4146
12569 6060
5107 7556
10555 2424
3792 5811
1515 7919
8534 8949
10308 5588
484 9145
1220 5490
3039 5698
7732 9217
11116 2411
5380 3081
2358 2684
10862 1826
11457 1997
8870 3355
3876 4274
1133 6911
8276 9036
6014 7507
10377 3378
9952 4233
7978 6455
2687 6932
9942 3162
9579 6434
4822 7713
937 5070
12056 9460
5081 6001
10578 6213
4132 299
2337 9475
9859 11570
9217 6522
5917 572
7764 8808
8565 8941
6344 9580
3873 1222
4410 8748
7470 5781
3881 9232
6093 7800
13010 8329
2194 6130
1926 1621
6532 9175
11967 8145
6522 8313
2008 5040
6897 8858
2887 9153
1993 3439
5873 9327
1734 4983
5486 2887
2958 5106
4234 7496
11903 8760
8069 3561
4199 6891
9799 9082
3617 4754
2331 12398
3323 6891
9813 3485
6319 7284
7315 8083
8259 4201
12691 11133
9409 9106
9586 8680
2951 6996
7309 132
6980 8965
6632 7812
9656 1260
306 5238
12088 5346
8002 9170
710 5225
446 6899
6230 592
4475 4417
1099 6432
7412 5091
3945 6334
6945 1436
3118 8039
4890 146
4331 8545
12614 2523
4067 3214
8488 4630
3340 6533
639 8570
9446 8323
8153 3222
5523 3982
3590 8606
11365 11146
10536 3252
105 9011
1553 10407
8206 460
2612 5154
4010 9393
7279 652
437 166
8677 7856
186 8906
9477 6640
11751 5734
6753 9267
760 4150
7032 7660
9891 8543
603 6567
7139 6111
5527 1679
7315 7487
1437 5684
7944 1662
11261 6730
11681 8914
3792 4227
9022 3490
1901 6328
7758 5976
3160 9266
3640 8302
12506 7181
6283 4468
10937 637
3224 5305
68 5390
3659 1581
3232 3329
11493 8362
9662 8706
12839 658
9835 6308
2170 8773
1512 2793
12337 1564
9124 54
3580 5353
9975 5785
5772 9261
6885 4814
685 7333
13171 7774
10566 9242
11612 10254
10180 7058
11827 7921
8310 5670
6658 8080
10529 9265
12331 3507
1440 9118
7849 4143
12723 6929
9840 2258
8390 4790
9916 1980
3893 4522
5169 9384
6179 2882
13163 10792
5022 1830
8942 2117
12976 842
1472 6903
9378 9325
3181 697
12325 7461
9223 1601
8593 7717
2858 9257
8743 1778
4094 5956
4116 6861
8005 5125
1560 4600
6913 5176
8174 9398
3098 8516
1857 4300
1686 6382
3842 654
3593 5580
12714 2970
385 3211
9746 6897
10035 7573
11480 4730
2380 5871
3230 3166
2699 5304
1592 338
7245 7720
448 8396
2634 2521
3933 737
7851 6242
4786 8249
3796 6630
6412 284
790 940
4033 1256
5492 7251
8735 5633
12247 7777
9240 2186
2184 3443
8106 8390
8145 4408
4981 1480
2734 9115
4146 8914
13112 7753
7260 3764
9495 5936
11539 4786
6970 848
1370 3142
11553 4705
4979 1177
9232 2668
3726 4061
11544 4786
276 6057
4113 5754
1738 5563
5931 8927
13092 1348
628 8907
7193 7988
6164 8904
12807 11805
3297 6728
11664 224
10325 6167
10719 4005
8807 6685
2075 4173
4421 9291
6360 8887
11193 8572
4601 4271
2889 4520
8405 5743
11816 4472
3197 9284
113 6467
5627 245
7898 3838
9523 9130
2821 5799
6895 8323
9204 4094
7640 328
8961 5655
6542 1596
9803 7990
6190 4361
3132 1676
2685 4270
1350 9104
8779 2119
10907 2919
4102 4371
3389 4171
5864 1950
7446 2850
3197 3383
1746 7511
9140 5131
8713 8908
6417 4200
4537 8448
2181 3556
956 5541
2485 685
7109 8904
12182 3076
166 572
9718 2428
9127 8477
10972 12084
12291 6366
7626 4221
1123 744
7127 5321
8661 2705
10795 8901
8423 1843
7207 6053
3127 4681
7995 9410
3990 7886
7681 1190
8724 4061
6834 944
580 7826
5034 9215
10540 578
8172 3415
8780 1612
6001 6234
7088 3091
10888 7913
2842 1242
3461 4334
11315 7648
7849 9205
7358 9037
12358 8093
5877 3166
10562 3958
1821 4967
1985 3809
5782 582
7104 5620
4768 2164
72 3456
11784 4617
3934 5345
3322 5154
2148 5307
8356 4653
11327 2027
11085 3842
10293 5749
3669 1930
1514 4834
2273 5792
7506 5419
459 4981
3387 3797
10994 1584
12025 4694
9726 6928
10029 179
12745 4551
9958 8498
6218 5600
9568 8746
13166 3904
5174 8686
10202 6463
4300 4144
4069 1937
11652 1286
11087 3748
1112 8378
1979 4644
2120 7347
12285 7273
6435 5390
5664 5035
10298 8480
11319 5962
4538 2564
3041 7378
3546 3300
6994 8466
4024 6865
11903 8129
6464 8412
13199 1907
343 5396
2473 3119
5281 1342
12786 1049
10145 2087
2290 2214
12331 3736
8744 3525
12505 8905
3331 8774
2698 4928
3697 5616
12452 1768
7276 7106
7585 1108
6085 10929
5418 7257
555 4473
12030 1805
5738 6714
12087 5843
13193 6104
5004 8892
12608 9191
3864 5438
2782 3168
3965 2571
922 4098
10674 2115
6978 8604
4797 3628
40 3455
8782 2904
2431 8939
11954 7654
7427 1245
12945 8491
4499 3109
9506 8148
10488 5064
6034 7779
4226 6366
12501 8243
12023 1563
5010 695
11957 7161
3718 9019
6488 109
2342 915
3439 7914
12852 8930
1991 4855
9223 9942
11484 3688
4856 6417
992 7545
1033 3439
6940 3530
4467 3705
9769 7174
3907 5132
4845 11488
463 5517
1989 4502
7717 8497
6206 2985
478 8501
12479 1786
4394 7054
9009 8253
1453 4614
3387 8373
7110 7975
8184 2719
4491 1898
4049 12617
12107 7697
11268 10159
6016 4535
8390 2264
9622 11416
12639 7453
7500 5516
1233 2065
9566 7800
737 5287
12437 393
4707 4369
3478 1481
4039 4930
13172 7201
5967 8484
11721 6961
7867 8458
3446 1212
13065 7987
8802 2169
6127 233
774 3144
8320 4506
6283 3
8563 7532
2819 2024
9832 5925
6446 7571
8738 2385
8576 5448
9487 7492
1486 935
5351 9556
8769 7022
2721 2160
11192 10680
12400 8237
12711 4479
2365 6286
3072 4906
6125 3011
7283 8806
3654 3312
5994 12019
1468 4499
6607 3159
3910 8495
4879 6308
1308 5360
12049 8204
8978 5916
5696 6341
3729 5367
10914 6247
8997 1096
8876 2447
5887 9569
714 3502
6678 4687
11088 7641
3738 8596
4472 3293
12761 1065
9072 6423
3530 2125
5540 7248
2579 6850
7164 5276
4027 2025
9601 6917
6507 1758
11911 6144
10010 1342
7939 2346
5183 8273
7120 5468
7688 5218
3928 3219
110 4540
432 4961
659 7381
8395 2383
2514 6938
11575 108
3236 2731
1517 2642
543 7623
11866 8558
2879 8773
8817 8848
2879 7856
2829 8209
11262 7930
6520 6404
1804 7003
1099 9789
6449 3034
187 8675
4885 8663
10199 4834
5668 8850
9088 618
1823 696
4107 8391
7442 8088
7799 6707
5624 729
1150 520
7295 2091
13068 6098
9801 2870
1397 6001
5706 4415
6520 3084
7442 8079
2112 1689
12018 7681
1471 5874
9552 6886
7902 6043
11407 4817
6284 8411
10756 1747
12502 7704
3678 1647
1593 5631
3304 423
12817 7074
373 5385
10538 1968
10463 2899
3684 8802
3683 2182
2480 8724
2232 5399
533 4246
2333 8432
1062 1500
1827 8582
5172 1799
7852 5265
13183 8253
7796 4983
8019 7911
2200 4229
12566 726
13066 4102
8048 6578
96 3791
7954 3291
5576 7500
11159 7855
10551 6274
11129 8426
7868 8579
333 10400
5944 1594
8126 1310
10845 5240
5102 3450
9575 7864
11307 8430
10542 6799
5168 2139
6641 3106
8407 2729
7333 6132
10690 6605
7790 467
8130 811
4545 362
6876 8543
1910 6492
10233 8215
9108 4509
5021 2056
4665 6625
9868 3835
6547 6782
325 7866
7662 6381
10907 4064
797 3097
12785 7504
595 7492
10004 2370
9924 5128
6263 4696
5051 5161
13128 795
10356 6604
827 7217
10990 7256
1304 9208
6248 991
7421 690
10157 8081
6768 460
8896 7647
494 6638
10451 5889
9851 3140
7299 10825
5090 12009
10295 6657
8991 7728
3663 4134
12147 2750
7234 10180
6786 6891
11533 1877
12544 8701
1554 6726
3897 8024
6936 10106
6342 4061
10894 1821
6329 3073
2395 6008
5460 5141
1435 7047
4780 4756
10707 7680
2777 6891
11275 2566
877 4157
10382 3658
8 8723
2922 7275
8121 2293
11024 6198
5048 1634
3312 11637
5125 7800
2277 5835
584 3792
9231 3614
12614 924
2386 4881
6571 6485
10026 7686
4027 4872
2846 1159
8958 5304
7529 5518
8599 3111
12067 2205
12805 6264
4195 11507
9629 4494
3534 3049
5506 4946
2103 5306
7406 3257
4138 7539
1382 8430
11164 5122
12162 6962
9847 540
2440 7625
10796 7670
3529 1581
5618 7486
13165 8872
9561 1747
6115 2226
11702 3006
3904 5415
12865 5418
9609 3186
1769 6964
5833 555
5602 4820
9499 6414
1484 7774
286 7501
3470 6506
2082 8317
447 5490
10142 2072
1617 2630
6000 5871
6413 870
3029 8188
6984 10527
267 8260
6019 6535
3519 6939
976 6860
6577 1597
3751 7439
9287 4492
7988 5848
7988 7440
4930 2347
12719 11377
3550 6583
9386 7670
6511 9546
11533 8203
8949 1530
11460 924
628 7398
12496 6440
9420 7328
1888 2909
8608 8296
5426 8089
4181 5379
2977 3260
4890 4380
9040 7914
2702 2859
4947 3031
13181 1733
4328 6970
6764 5267
4650 7994
360 540
7999 3976
2160 2701
7627 2966
3295 4703
163 4172
3776 2746
11489 1567
560 6702
7699 5410
8346 647
10954 2929
8716 4225
4804 6960
12090 4329
5179 4747
7278 8063
6616 4765
13083 2071
13101 5168
12218 444
4947 2550
4494 7812
11923 4092
8609 5207
12028 1822
6291 8499
5930 11834
9453 10720
8261 7262
7319 5799
9485 7678
12010 1559
9213 5969
6791 4931
8798 5280
1894 6709
1140 339
4311 6522
229 7880
11413 3964
680 8342
3515 7342
2075 4611
12398 7048
10828 289
8043 8199
1588 7791
2402 2734
5372 3542
5597 5421
12175 7686
12286 7137
13017 5854
5973 6897
7518 6190
5297 6457
10361 5261
9572 7981
3927 7555
11364 8071
5917 8226
4213 566
12242 1119
11925 7926
10540 5671
10337 2448
1510 3400
6075 7411
8695 6266
10256 4131
2693 1943
7624 5301
8050 3334
561 7883
10083 3962
1793 8422
10326 3986
7183 8352
7378 7821
11809 8316
7322 2605
1480 7189
5374 5023
5083 3199
2992 6085
10218 5005
4522 7321
9609 8623
4115 8364
11023 5400
12510 6626
3949 4408
4072 7648
4417 4145
5239 7232
3 3870
1727 9577
3100 1664
1320 7150
10968 5316
850 5619
1531 5809
7123 2242
6244 2079
49 6274
3769 5804
113 11292
2852 4745
9555 3333
2462 7969
12344 3115
8374 5675
7039 3920
4422 3436
9964 1271
12821 1285
11677 5516
11999 8272
108 638
10965 5197
2965 5800
5180 6182
3673 964
13045 1551
11733 5130
5827 11721
1306 12073
10481 3114
4096 6476
6287 7975
4401 4904
3607 1921
9925 2252
1381 2464
8783 5421
13177 6845
2 685
887 11088
10859 6502
8610 3036
8765 368
6645 10730
11770 3953
7493 5140
4666 1676
7554 7760
3163 5812
10934 2773
7603 5869
11993 7545
2655 3620
5746 4174
7517 2737
12522 1349
12241 5314
11979 4834
4967 6579
4445 5406
12522 9961
9628 957
434 5107
11911 1490
11204 8052
590 5933
7539 5603
4396 7684
8358 1821
3278 11
11819 3554
6769 3185
8925 9143
7473 246
3638 858
11780 7577
6599 7703
10429 6417
2398 7935
7206 7845
998 1685
6544 5917
8625 6676
969 5588
6890 7929
1470 2954
3125 2107
5300 7660
5115 6335
1469 8211
6614 6181
12019 7560
7561 7749
4347 14
464 3460
6718 7505
7692 3037
56 7413
5101 90
7760 6804
8356 5948
367 11647
9659 5248
12030 7854
10083 7636
6367 784
4881 2378
10656 4332
7960 6343
11153 2684
128 2243
3049 8141
2568 7620
8198 5219
10532 414
3167 1333
8740 3980
2168 5862
9020 7683
445 9224
5605 4311
1990 5321
3939 5730
9835 8161
10973 6336
40 2816
8558 11675
5168 7205
6108 4942
10369 5725
5993 8193
3751 11808
1308 1949
727 1993
3464 7163
12344 3417
13134 7270
3821 3405
565 5701
9667 3035
5822 4853
12407 9335
2003 6641
4330 5784
12352 7545
7930 12310
11639 1717
9209 5998
4040 8623
4206 5015
12750 1517
271 6509
4170 6110
1138 8053
9609 7297
7046 919
7475 1044
11084 6880
7696 2846
6259 2136
2531 6655
860 7281
10303 8101
11265 5284
12582 7570
4363 105
11592 5970
8402 9715
1680 618
9254 8064
5906 8000
212 7852
12516 8071
8149 5155
713 7196
338 1821
12429 2617
2205 5904
456 8913
2212 11773
5277 6061
1824 2456
12374 6479
11443 6190
6526 8278
12124 1572
965 8087
4295 3777
6682 436
359 8158
2774 2080
6193 9288
3133 6024
3088 4837
12351 4366
7338 3027
422 7135
385 1027
10639 3547
9309 1854
8135 5783
7836 3942
1636 6420
4066 590
2135 4282
7729 1695
8224 3088
4843 5165
129 3185
9034 8009
4620 6907
4035 4643
11240 6762
1949 2673
3029 4698
4981 2943
10414 7569
1080 3402
7377 1309
702 2155
690 3279
5074 1700
9955 6438
12849 1418
5482 1018
12509 2348
8868 6976
3787 6984
4863 6461
8456 1600
10133 11020
4917 934
9746 7802
12452 4158
11251 10242
3307 2614
2169 1791
2570 10558
6613 6257
9423 3967
5482 6714
4501 5869
6207 6599
2226 5727
13168 4637
6470 1436
248 5339
364 7060
12586 7657
1031 1131
2512 6167
4443 6670
10912 4589
7474 286
231 7122
4324 10598
1471 3926
7631 7731
8221 3132
3190 3367
12771 6012
8957 4545
6054 5963
2833 5026
6971 5295
1337 46
2290 5806
10345 6879
12271 7273
12256 6092
6996 7923
5887 7583
2142 10
10608 2456
12018 7942
3287 11814
7388 1235
5382 6089
88 1811
4824 7652
12280 2839
4128 3917
12102 5901
7509 9
12268 7935
6070 5173
5051 8245
9704 666
4163 3911
12092 6797
8937 7299
3357 5091
475 7094
921 7014
9228 12140
1941 3130
9981 4396
2243 3650
12021 7097
11430 3369
12435 7
9169 4457
3851 987
10675 1957
12689 948
12877 7778
11187 7650
3230 7262
10930 12098
9722 11104
9381 1563
10959 7685
12388 3061
12055 415
7075 6121
4908 7273
5967 7675
92 2905
8341 761
2631 11778
599 3219
5965 7833
6896 5815
8805 1943
11013 2144
1463 3633
10345 3800
5914 7800
2643 11088
5180 6985
9895 8722
5476 1416
8723 2304
157 6840
1150 6957
293 8522
8582 7426
4128 6368
66 2516
11117 7576
11927 3314
9860 7589
7940 6869
9799 10592
9933 6489
7811 1779
12012 4516
6852 7784
7585 6877
7067 1104
5866 3453
12510 3330
6345 6055
13189 8403
11872 6227
11842 3865
5890 5578
8983 7370
8001 1491
2670 7966
2029 2185
1530 2660
4854 7680
2187 103
10016 3375
11570 2554
10941 6891
4948 7301
1907 5537
9900 2131
7895 7484
9123 4835
1862 5951
8363 7462
2789 4503
4517 4018
7834 4278
10358 6148
12148 6593
6514 3892
881 7599
3931 3054
2526 436
7054 3982
2666 6585
1291 1989
3180 7524
321 7832
5490 6282
8658 5246
6573 7268
9260 5878
9563 4981
12743 3017
4680 1401
6662 347
258 7354
10709 7139
9938 7253
4253 6277
6161 3464
6481 6492
5348 1762
11045 4653
12274 4727
12849 1408
7776 5649
7557 6201
10244 6372
11611 2869
1571 11737
11371 3523
6869 5451
4651 6923
12349 2201
8159 2839
8932 120
12275 5771
1787 6920
6639 1764
6611 5379
2876 7394
11476 6089
11988 5851
4065 5858
9944 7259
2821 5651
6421 3048
8197 6106
11552 29
743 932
8506 2904
2687 5407
612 2904
11629 7271
3626 2641
1084 7671
9098 6003
9302 6794
10600 5726
10879 12090
5648 3495
2254 8947
9154 3308
8674 186
1679 1232
11458 2350
11091 5690
813 7550
8498 7304
349 6760
8993 6315
9028 7824
3940 5122
13076 4886
6447 3838
3871 3208
8434 6343
5310 1812
6909 1253
6534 7711
12902 5141
619 6041
9969 7249
3783 7610
2836 981
171 2150
2739 6455
6784 862
10532 6226
7697 7679
9793 5477
7271 4511
11105 4574
4980 7263
12123 3371
3620 2806
11027 5101
4880 3729
9384 7104
1727 5298
8849 4943
5403 12250
9959 8650
1006 7467
10689 6303
1793 1653
7357 8025
890 10225
9366 5941
1070 5907
9666 3340
12791 6460
8854 1413
11127 7479
1196 5765
41 5833
10256 7055
10313 5952
4547 1063
12555 5523
9520 7002
2818 3292
10163 4128
6930 2356
10866 6180
4135 6563
7696 4980
13048 7126
12585 5299
2831 3478
9416 11648
5222 6858
2686 3385
6933 7413
3154 1655
11520 7613
8583 4708
5430 6024
367 339
9499 9486
563 634
4461 3437
4622 4343
8026 329
10448 10805
9987 10579
1475 3097
1342 487
9850 3945
10018 3680
149 5592
7640 8336
9089 4408
8180 6660
8101 4432
10158 7101
7984 1184
4882 6943
9590 2381
3512 9376
4466 3976
9757 6334
12517 1166
3457 143
2446 7748
1571 7892
3276 814
13175 7212
8166 1974
5957 8391
11727 7030
7751 5209
5778 4350
6131 3424
1863 1124
6656 3583
7045 4738
2305 5823
77 1162
9818 5768
5192 7416
11239 7466
7004 10448
4576 5310
5434 6692
2335 4527
7230 6068
6378 5358
12612 4806
2220 4165
11439 5589
8952 5844
4918 10486
6875 6159
6308 5399
5681 1529
9538 1470
8830 1147
2623 6095
642 5638
4786 1547
4880 7027
4579 2139
266 4971
9628 5336
9121 4530
2864 3593
12316 4479
12657 2892
1828 6151
3224 6433
9875 4440
1320 4289
11258 5828
10993 2455
9376 7207
9388 2137
8481 1955
12693 4784
9823 6761
10852 4983
10352 5339
2569 54
6234 4698
6741 3472
7931 664
3107 6235
4987 10639
1991 6358
8647 11378
7703 35
9173 5759
9123 3608
5968 5829
8561 525
250 6414
7450 869
3704 7572
2026 3486
9104 5223
1011 4911
1421 4172
9044 10289
12564 2230
1380 9000
9535 4204
10614 4460
2750 2494
10569 445
995 7265
1430 8831
6112 1210
3777 866
3484 8721
9012 2731
12829 6259
807 5940
107 1555
5057 3996
11680 6820
3047 661
13053 9909
10962 2037
5995 3705
3740 7801
5428 7015
9588 11694
13 6287
3764 8226
5121 7035
12018 10803
2833 185
8963 6962
3842 5574
5201 3020
1304 5654
7599 3149
205 4325
7561 6434
264 356
11437 6494
7527 2417
4804 583
4872 3261
171 4960
1374 1967
13039 5852
7703 4572
9384 5198
8121 2694
9364 3890
3458 310
6320 590
7115 4755
1206 8540
4864 2195
3698 2967
10102 3937
4715 5382
7555 2066
11594 7336
4406 6516
1322 2956
12210 1704
1082 5028
1909 6216
557 2452
7680 12123
1658 7520
7260 10084
913 6383
6138 6330
9379 3461
1519 6346
9560 4286
5190 7335
9432 4828
464 6541
10231 4549
10240 6286
1214 1159
3947 3087
1841 7131
9026 4202
8785 7024
6176 1293
6396 6668
5582 5157
5393 2707
4132 875
213 3085
4899 556
63 5977
8823 4939
2663 4123
298 7433
12258 7052
5693 8848
1157 5096
5476 9136
5681 3562
1340 7784
9305 3318
6873 3226
5831 2990
7676 7747
9747 6872
8540 10831
2000 2401
10854 1775
2259 508
12629 4832
4981 6989
2280 3589
5264 1106
11671 3945
7951 2277
6188 1898
3623 4132
1247 5731
8370 5776
3641 6182
2303 5785
1639 3592
8822 8880
4699 4874
1247 2976
5780 6794
9782 2495
11368 6061
7419 6939
9599 6138
8570 1903
12640 5907
1770 1646
5103 3334
6724 1718
2657 3942
6864 3750
2000 5441
1040 5914
8150 10904
5494 3148
3111 6636
12638 7171
5269 1904
9528 7193
1957 3164
7390 1800
11250 868
6811 6629
5493 4277
7230 6891
798 6292
5386 4916
5065 6692
12682 3159
7865 5346
5126 2705
2783 5013
5423 2695
3010 3127
3670 7102
10430 1824
1275 5109
1369 11991
6773 6202
671 5932
3677 6353
85 4701
5024 4328
11104 87
9163 5065
12039 2979
1125 17
149 5844
7151 13090
8228 1356
10102 3511
3764 7220
1127 6370
10121 8498
8933 6776
2431 10575
6266 7165
12485 9015
3225 3994
2319 6164
6461 6389
1011 9157
4700 6310
6813 6126
105 4251
5815 10081
6937 410
4670 4862
8269 3417
8008 7060
5188 6637
3142 7125
4539 6850
6937 9182
11653 7185
7761 6960
12052 5989
9946 5203
4978 2974
10063 1831
4855 3600
9344 7645
3108 6993
4853 3513
6216 2824
5340 3317
11874 1117
9022 185
4549 5957
10285 7096
1633 8233
12697 2151
9945 6622
2563 4506
1538 1997
8015 454
9541 1433
2245 4919
12660 5976
10765 273
9290 3830
8740 11017
3741 2145
2075 3734
8606 1598
825 7068
9282 6540
4204 7804
8423 10443
8096 7085
529 5660
13065 6192
948 3515
1096 6856
11527 8056
8339 5370
2342 1245
4782 2335
9799 11694
3460 3896
6393 12212
10499 3386
8316 2127
1240 4456
6993 5425
4184 4346
8031 931
9808 6399
8703 7499
5958 7333
680 1022
5840 11316
9053 5748
6836 1236
12589 4073
3313 3398
7981 2783
8312 4972
9891 3126
9540 5690
728 6701
4405 7723
2900 3201
269 2759
3426 1313
4507 2758
8477 6177
8121 1935
12878 6411
1617 2140
1975 1557
7661 4923
10228 4217
3482 5847
631 1567
11070 4496
758 6506
11946 5088
5079 1892
9284 6291
12742 5412
5458 4108
4927 6505
12548 515
12955 5283
5828 4604
206 2307
4222 6348
5462 3201
6871 2879
3994 5272
6508 4017
6844 916
3609 9460
6969 9824
9662 4701
8036 3402
8638 1222
9160 7520
8696 5775
5385 5708
817 6783
7673 11101
7768 10619
4830 6728
8832 1953
2684 823
10575 416
10578 8097
10416 4868
4594 6353
11986 4757
11210 6441
8047 4287
9985 7196
7892 442
8921 189
10646 1300
6056 3888
4503 4729
836 2156
1048 5888
9647 5298
10775 5310
6566 4828
2186 6927
1185 1403
2292 6006
3546 3552
2506 6324
818 2778
7324 5182
6896 717
8963 8938
3619 2545
127 4183
5145 1033
11015 4055
16 606
1705 6156
6428 3047
9308 6158
10965 3088
5062 2433
3938 5500
12998 6097
3450 3687
2160 9723
9510 6745
9048 5747
3209 4121
10211 6898
3853 5128
11905 11584
7628 8573
2745 6765
3610 6462
930 5616
4874 3401
761 6875
8592 3242
2279 3766
7596 7300
9102 2078
2614 6304
6210 6017
10434 2175
12292 2533
12560 1672
4168 3097
1431 8635
3397 10756
8711 74
10179 4412
3881 7485
7148 8398
12264 6354
3218 3800
10577 791
5954 7108
2507 269
12191 4592
12763 5880
9909 1534
950 5848
5734 5136
6187 4059
12196 6650
3729 6819
2839 12426
11708 181
11 7001
9159 5398
9932 6434
11823 4962
6619 7847
8876 5967
12304 3540
5761 1505
9321 6230
1685 3512
8214 5214
1999 2920
1291 3944
10770 6344
7088 6189
1308 6791
12446 6122
5059 3737
13154 5917
1776 2030
4013 964
10040 4954
3765 4726
1552 1769
12029 5306
10493 551
563 5457
1857 1367
10046 5161
4545 12393
6371 6419
12425 2331
9827 211
6288 7082
11562 3959
7166 1919
10809 4359
12215 11075
6649 4660
4202 5848
10853 5068
12870 7993
410 3015
6566 971
3525 588
9227 2137
10989 2260
1350 2782
724 4539
5996 2934
1646 3509
4738 7308
843 1756
6411 8020
7109 2088
3872 1381
7481 2708
1479 1620
11461 10
2738 3332
8230 6529
9253 6438
9052 2144
3240 3253
12879 10087
8269 6748
5066 3973
8242 2198
7494 9180
6172 4312
2726 1960
9574 5603
7215 5663
4328 2112
6757 3827
4073 5701
4908 7208
7078 5056
11030 9463
9850 569
735 7127
9098 4217
1742 6207
3704 2912
8492 5323
10516 4865
11770 6567
7054 4918
11332 4733
9865 4597
12355 9055
10639 7817
4669 9563
11376 1166
992 9167
10178 7355
560 2978
10773 9662
3721 9435
5307 5092
11315 2212
11739 5727
12394 7222
2720 4877
2741 7993
9527 5995
2607 8910
2840 3042
10631 792
1822 4102
8875 6373
6275 1962
4422 10326
9504 12449
610 5993
7648 7552
9769 5811
6499 713
11325 5108
11748 3525
7658 6844
7402 5984
9201 4498
4616 6167
9456 6466
2530 4789
776 4668
12662 1940
7033 2058
9346 4003
7400 3650
11462 4352
1426 5820
1459 3103
10489 4478
6151 4597
13015 1859
4460 5898
12011 7487
9142 2030
6023 6246
12694 2692
8283 1499
4141 4414
6468 8604
5229 10441
9809 3548
6432 3382
1810 6572
5912 1306
7581 6413
7271 6799
10814 5717
8729 8672
11785 1795
1918 5163
1733 8686
6458 2119
6437 1133
5447 5391
6892 8992
3009 3628
11675 5695
9956 127
8081 6445
872 1556
12694 6024
1892 7172
618 10871
8249 2336
8375 4437
2978 11151
8165 114
8840 1055
7981 5252
2077 7853
4074 2065
8006 3349
8117 3310
9761 2461
11405 5257
1550 6012
7509 1668
8417 929
4993 4480
3714 1116
564 2723
5204 6173
4443 3142
7064 2587
10113 5254
10888 1609
13101 6372
10231 10598
6724 8807
4326 42
559 13009
3748 7150
1166 8867
5865 2614
989 3139
4641 2208
1259 11960
13187 4572
10519 3198
12354 5435
2353 6894
10579 6792
6567 976
6335 6868
4760 2161
4054 4709
10390 1271
8222 6072
2169 6846
9795 5305
12557 5156
7688 1042
8681 8907
9445 6714
9433 103
9311 6658
11465 1025
813 1365
3268 11143
4836 8543
184 634
3975 282
11894 3175
523 3307
4264 9465
1546 8843
4478 5902
4078 8657
11117 3082
4592 4602
10329 9000
12995 279
3920 3962
5166 3531
5445 2793
9413 224
9221 2093
13021 2542
11220 5858
336 4763
3962 3224
731 5326
8605 6030
2104 2568
4244 527
11372 4760
9704 2976
1260 9369
8476 5143
11976 9368
3015 5417
1238 259
13051 2762
12088 1257
8697 426
9800 9255
11152 545
4855 7791
11124 2711
8599 6218
13024 2329
2985 8087
11258 5764
10553 2180
2839 9030
12421 4202
5282 3324
3653 5093
5009 8924
5463 3016
10050 5535
5528 6764
6080 162
2052 11654
9597 5093
6413 8422
8316 8524
7470 3601
13056 5450
868 302
4775 9167
6737 6366
7678 6067
4442 6748
12141 3353
98 2244
12386 6408
6602 2468
5047 4341
889 6096
6207 19
9992 5125
12561 4542
9762 11001
8327 1943
12366 5387
12505 4432
553 4254
4208 9669
12462 7683
3121 698
9188 6768
6038 2629
7224 3200
5091 6407
12640 4538
517 6389
7983 4956
2269 9042
4239 1876
2659 2574
4359 1402
5755 2097
4252 2254
8400 864
2316 4155
11331 9749
553 4808
10566 503
1117 3626
2934 7389
10350 5240
10766 2904
6567 209
8816 4949
3620 4487
1000 5875
9325 10227
12985 5481
11657 4006
9750 8156
12609 5922
10571 5411
10822 1593
4437 11567
3025 2196
9670 3876
249 4878
2017 4851
1997 4076
1211 6700
7791 3538
11125 1695
13185 4590
87 3110
7639 5937
5496 4502
7229 1802
820 9359
8469 6510
11905 7363
10714 1907
9546 5513
11165 7212
7614 11465
2814 1880
540 2640
6466 2950
5515 7364
5594 4694
4285 6398
3365 7876
11380 5004
28 898
11830 9940
13039 3004
12471 5763
10352 2433
12115 6909
11749 5718
120 5086
1377 3455
7049 5045
3688 7059
6480 10110
6256 6772
6180 7078
7855 8475
5976 4458
764 5579
10377 6793
10422 5237
284 7862
10838 6753
9582 7488
12056 1779
9760 3907
4732 4266
12198 2685
1850 2917
11365 1300
3281 5826
4084 3228
1716 4945
12770 4535
3689 7754
8887 4846
11721 5937
2930 1108
6625 11530
12070 2226
5031 4820
652 1820
1499 9930
7482 6707
6601 3189
1786 4998
11088 5177
1903 6703
4436 2179
3556 2833
551 6666
6337 5272
11889 3169
1565 1198
9879 9584
5508 6363
1510 10664
11972 5754
5911 2959
4259 1166
1407 6721
6291 2048
3521 7167
11266 8371
5263 6660
9045 5080
6088 2891
657 2812
7068 12289
65 5663
6599 5664
12450 10727
4754 5206
106 7464
28 6225
7505 7026
12716 6778
6296 5497
181 5716
1282 4809
8877 5449
5374 1148
7948 8011
11596 4089
2440 7044
5423 5277
12932 5647
2332 1325
4494 3223
8512 4485
3019 7824
7545 9538
3262 5588
2203 1200
11466 1268
7663 7288
5716 2489
3049 1591
8782 5212
8920 4328
2948 2379
13121 6425
8980 2064
6999 6044
13194 4699
1477 1212
2352 5492
1062 3027
6724 3848
3397 3261
10542 2124
12098 4292
9915 225
10038 6380
4624 9205
4711 7140
3481 8030
12483 7757
7856 3634
12805 6796
8514 174
11576 4658
11304 6400
12423 11436
1546 5910
9055 2515
3901 2676
5324 6135
7261 2430
9994 313
10907 985
5147 7159
4128 6536
12589 9510
7079 2365
5368 536
1241 5149
6108 7323
6617 6409
2069 5053
11015 4653
10928 282
4023 2835
10764 10223
10807 8920
4449 5849
2776 6854
12233 6550
11136 5803
1229 6388
1413 6190
8979 2000
4105 3018
12871 2196
7390 10417
2444 5850
12544 4854
12903 3592
7659 8204
4979 9512
6262 7158
12766 4997
501 3666
2724 3688
3163 573
8917 7374
4715 7035
12670 6217
7490 4649
11461 9139
8176 2018
12057 4844
8536 10053
6870 5428
3580 6290
92 494
9344 2726
701 3011
7662 8672
914 8438
8374 4667
4328 2251
3872 6714
5695 4979
10880 5033
9312 5669
5693 5876
8298 9387
4296 7205
1700 6964
6301 2618
10413 9094
12556 4430
126 2324
7808 6948
4319 6885
8972 7130
2656 6212
5162 6543
3065 4222
1006 191
6510 2655
3633 7320
8653 9417
5736 4719
2357 4392
7108 6057
11287 8314
3033 2419
13128 7045
4292 10054
2248 8894
8794 5196
8458 471
5046 9444
6785 12644
11774 3972
2506 7691
10302 3706
474 7330
1806 5459
1122 3394
9637 3889
2288 1916
2621 2973
1017 6763
3584 2650
1273 9693
3781 4255
12526 8599
1865 767
9946 5261
705 10188
12922 7553
4259 3495
10112 3334
7952 3305
11911 2593
9609 1190
8208 11655
3937 9007
9841 1555
2389 5440
6283 4019
9413 6714
4537 3816
105 2264
6825 1477
5817 1568
1730 3353
10163 257
7023 652
12597 4543
12591 5498
1796 5546
4305 4887
13067 1342
3902 5907
5240 5737
2235 4564
11729 7019
8754 3340
7368 4598
5007 1894
10299 7052
11512 3660
1391 6956
8167 7208
10027 4696
11733 7412
766 4842
5702 6298
12789 8391
8801 4168
3572 4180
6716 2679
10645 2996
11076 3204
12561 8858
9472 992
659 4795
12173 10084
1549 4414
1748 8098
9269 5174
2045 5808
9987 6623
6160 2244
9894 6205
7011 7052
7303 4656
911 7325
4358 4191
7906 6653
2390 218
8588 2466
10010 3772
4588 6313
6304 3018
5510 6625
3298 4711
2069 1893
5881 7960
1345 11672
4299 6984
10943 6616
8486 3799
5567 286
2215 8279
6940 9253
9679 2861
5187 4329
11047 1830
1409 2311
3746 4591
8992 913
2548 2141
8375 10695
4839 3611
945 5686
4986 5949
638 6459
5688 4437
3300 5325
2233 7284
6994 5766
5544 5042
12422 274
3281 7157
224 4105
12668 5566
2314 3349
3717 1470
8920 3398
6756 7234
12023 845
4038 3230
2836 2287
2460 4595
4240 1192
4603 7063
6931 7304
8713 2435
9501 6870
12645 6297
5434 3462
5307 9935
2155 1860
11896 360
13079 30
21 6246
12937 5061
11166 5518
3156 5292
9047 2318
11714 6915
11942 7464
4291 4101
5229 6588
1550 2864
13134 6754
2789 3991
12335 6779
197 4800
9968 1920
2347 9183
11702 7524
8441 5525
10972 7683
4332 2982
8558 11345
7225 11551
8032 7214
10049 4522
5983 8275
10955 5427
2831 10463
5920 3398
10560 3015
11391 4666
11418 7474
4053 4540
7384 3384
11023 6082
5648 6265
749 2626
6435 4510
697 6183
4378 9465
488 3805
7850 5512
1908 2720
5831 192
2985 3943
1296 7409
12516 6916
11995 3891
12633 7182
2956 2021
144 4441
10303 5432
1832 7066
10517 1776
4785 3945
3163 4536
7389 1927
3455 7029
5072 1459
12810 3414
8837 3809
6353 593
1156 5952
8591 7649
1628 4527
11966 649
3784 7615
8779 8449
5780 7032
5995 8090
2243 8256
3996 162
10673 7534
1983 6605
12549 6743
1425 2046
708 2645
828 4110
6997 5316
6934 3728
9814 6226
3861 5728
12980 7042
10026 1174
7199 30
11847 7395
6303 7005
186 5668
260 7506
4196 7754
5885 103
9071 921
8905 10465
825 6274
2129 2158
4519 2465
10136 3642
5919 1179
8730 2813
6080 6492
2175 3589
11148 6447
9567 7993
4409 1211
1393 5871
7763 1990
2954 3479
10070 1632
12520 990
7497 1326
5992 8022
3618 7315
9158 8369
5165 4986
8050 1838
12198 8024
4757 5707
1544 8363
2772 2281
9482 3428
9331 9109
309 11718
6110 10800
11719 3574
9232 5027
4999 9041
12828 7250
9193 1596
160 6800
5278 7000
5170 3367
11217 2630
2262 7655
4374 2928
193 4169
10912 3505
7980 4734
302 3349
8277 7995
8134 7991
11475 4394
4866 3322
8863 7805
6079 789
9510 4514
9766 2821
7843 3179
2549 3814
1766 6650
6119 4214
572 2613
7080 984
12250 5075
10313 7441
7666 9282
9884 8013
6671 8663
5560 7149
8943 9320
5682 3406
10135 2987
9166 5719
2009 7208
6076 340
9858 1551
9809 3397
11825 1287
2920 2074
216 3031
10451 11626
5231 4150
5935 5939
2080 7539
56 361
7401 6097
1079 4857
12813 198
10086 4784
6577 4490
11235 11826
9856 2614
642 253
5942 10942
7317 3978
1399 9627
1901 9766
699 1840
11241 2704
11757 430
559 5105
12201 11120
332 4346
7887 3185
4502 5072
4541 6987
3765 4625
7422 4991
4170 6445
3989 10883
4149 7175
10354 6188
5638 7722
5225 5089
12692 428
10433 3933
9086 2516
1938 3778
3295 3782
12291 3308
3290 7789
993 5299
9226 1847
6139 1925
5211 152
700 6095
10555 6569
11689 1904
1717 4790
726 1508
139 1811
3350 954
1065 9384
954 4740
5525 2890
150 7587
9562 2552
6124 7275
7753 1550
10767 6912
11679 5786
6359 6279
5376 2424
147 8118
11283 6627
1794 6227
11521 8638
12204 8149
71 7246
6145 4291
2192 1313
4905 4449
11694 7483
5802 748
6433 6627
11615 6169
12 6410
11583 6440
9817 2690
12297 3412
10567 7841
7904 4747
871 10353
6152 5630
4721 2414
9520 4489
6827 5191
10359 5131
11522 3154
1953 3826
2586 3546
7990 1793
955 6117
10400 5740
6494 8808
12579 8406
2753 10969
4208 2874
761 2803
10756 596
3391 2784
8293 6812
8073 11141
4328 5963
54 4540
4305 2087
12036 1077
13008 4102
2826 1383
275 7795
7446 615
888 6966
5536 991
10962 10324
5114 321
4707 500
9040 7289
8478 7523
4181 2807
8392 6993
11374 248
6974 7670
2998 1047
3153 353
6638 8793
6325 3573
9017 7236
2829 392
172 7439
7641 4882
12553 5403
4494 4868
7716 6704
12545 3803
9608 1415
5897 6491
154 5321
2901 5901
11342 7543
4569 6008
9882 7531
7629 7973
8423 10464
11550 2572
3338 11524
4895 8195
6759 11955
6798 2919
10549 1925
8754 3366
3620 6439
5065 8401
5181 979
12990 10332
8465 3671
4777 3649
2808 3882
7541 5104
2836 4508
12381 3924
3074 2681
4796 7921
9390 8888
10323 7572
11709 6947
1341 2923
10778 8128
406 11040
9467 6157
11224 2411
185 4667
4758 3692
12629 1197
412 4233
10052 6348
3793 4540
4611 8549
5490 6812
12718 4249
7552 4206
5704 1055
7722 3297
8883 6500
4214 6829
8507 3385
11017 3004
10526 5604
3057 2175
1248 2165
12015 7925
8541 5296
5302 2723
11671 3328
10757 5673
3478 6775
2632 7726
12393 10154
11349 5216
12691 10131
4319 8096
12854 6668
12987 6358
4168 712
3762 1551
8970 3177
12717 5980
4083 2509
1091 7802
11537 10718
5842 4312
6715 6644
10134 4406
7721 1323
9931 3484
7849 7905
1717 2702
12266 472
10355 5149
8255 10185
8258 3888
2989 1333
3102 2662
10853 4007
2028 6026
9585 2675
7364 7425
2540 156
1663 8075
6041 4471
4685 4308
6889 3179
1926 8784
352 11175
803 2530
10514 1491
11138 6651
5806 2572
12360 3587
7825 2081
5023 4551
2688 6696
9756 1323
3089 8490
6066 2599
11548 8522
3696 10504
43 2234
1062 3094
9725 6670
7340 3565
5898 4695
10832 6759
1309 11726
6150 5580
11084 305
2872 6930
2199 8071
4195 8128
1818 7619
9466 4064
2846 3833
6316 2665
1882 497
2426 6370
1952 6286
6766 4277
7302 3884
1605 4898
2291 2528
2334 4517
11988 581
2612 4013
11550 1737
2511 3117
12637 10135
5618 7917
4455 3397
6063 4287
10651 7815
7524 2424
4262 5796
8839 1393
12010 8692
3259 1954
9610 7959
6253 6445
1625 2128
8867 9872
3903 7014
7214 5220
3878 2271
10505 1833
2082 3148
762 8017
7184 1726
5256 6731
8245 5807
12318 4441
3002 8072
9305 6535
557 3205
6533 2120
8736 1392
4455 2671
208 7167
2170 4687
4820 2954
6453 3800
6724 715
11075 5524
12611 4971
614 6988
7448 1083
962 3543
4988 8817
9174 6687
6022 7939
12736 11941
7156 4115
4817 6443
1001 5635
10957 3314
11000 6342
10379 5004
12268 5147
1442 1882
1353 6822
5973 7306
8858 6940
12972 946
4121 8215
11514 8302
7445 7856
1923 3263
9040 2041
7676 7219
5334 3687
9707 8106
12532 8904
4093 1676
6528 9354
2953 4971
3042 10316
6101 8585
5402 4922
6357 7927
2679 4645
8618 655
7015 2430
2863 3659
4747 2013
11329 5659
10325 3712
7957 2051
6002 2003
1895 6789
2189 8379
3207 2831
8188 6474
4385 3014
7758 3539
3442 8578
12385 6582
5998 1858
5021 9089
4215 6563
295 5461
93 2246
10720 7766
3688 7032
9902 6130
8192 1340
6267 1611
7796 6313
3684 6258
9184 5330
10701 4487
3185 4594
5053 8141
9988 10561
638 7817
5774 4764
8905 4491
2759 1661
8179 3247
7247 3076
776 1639
10644 8080
109 7813
9696 5963
9234 2715
6008 7033
8189 8912
9119 7170
12370 3026
8164 6526
6262 4474
494 688
11158 468
12101 8194
6534 5900
12269 4431
8150 4451
12806 7576
3295 3870
2447 335
9754 5974
12762 8287
9057 592
1081 7655
2478 10035
2256 2855
6728 6840
8332 6943
7357 3734
10559 7861
1456 7782
10256 8496
8141 2865
7913 11678
8265 3978
10152 4490
10075 2374
5488 2835
4254 953
5668 52
8499 3320
10206 3645
2957 8717
12947 5997
3795 3938
9785 7919
7394 3159
4006 6551
52 1412
8437 10551
8168 5789
8615 4419
7531 7899
10069 3063
11894 3117
2914 4481
1407 1505
7320 3104
9217 12065
637 7518
5233 5970
7626 7536
11279 6589
8840 3638
7257 3970
7039 4979
5005 3878
5790 4306
6997 7227
1035 1566
10858 6064
6102 831
5328 2693
9542 3481
10251 11419
1560 5985
10060 6171
6215 2471
11764 5058
12025 133
4354 5947
7930 4917
1676 4534
3416 5701
7637 7834
649 4764
7781 1064
5149 11026
33 2394
8819 9896
487 8423
12564 1983
5479 1855
4366 4792
347 7678
11391 4903
8029 5015
3988 7719
12454 8466
837 2430
194 3247
8806 4799
1687 3943
869 5909
8226 4932
4172 7155
9263 3962
4147 2054
4776 5643
5874 894
7558 280
3947 4450
6816 376
10999 4689
10631 7550
6588 5572
4695 8456
604 7565
4854 958
1527 5175
9575 5326
3631 8228
1916 3655
4265 8475
9736 1619
11664 11207
11331 7340
12550 2734
5108 1456
11852 1646
2675 1740
7506 6436
9445 1233
2564 4444
5509 1623
6235 5436
13081 4774
10575 8143
12912 5991
11494 5139
7189 1641
8821 311
3634 6561
11721 923
4780 7607
3931 5282
732 4671
9620 4249
9693 1118
11997 8366
3882 3657
2815 8186
10577 366
1956 6620
10417 6350
11826 978
585 24
12253 7260
4013 3810
11990 8323
12309 6168
4703 8592
10226 8559
5048 8180
8728 6028
2311 7568
8275 2294
2550 421
2869 11968
3326 7470
11759 3566
3120 6785
5115 7866
11585 453
12186 4497
3384 4645
313 8198
6310 4992
11423 5450
7167 3816
863 7464
9616 7683
7043 5217
11416 5818
1393 5211
7533 7469
205 1500
2027 2068
10904 2531
7767 149
1334 4622
5461 8544
6889 5646
4201 5452
7721 5162
2073 5395
5348 10509
6710 8278
7780 7570
10476 9111
6483 741
8233 7492
7624 1578
1562 3534
820 3056
1883 8373
457 10770
11390 8209
8543 10805
4605 2293
11724 7457
13195 3047
5665 1699
300 7420
7253 4293
4631 1124
6897 5387
11130 7353
5353 6005
12944 3988
5996 3161
12195 3788
757 2520
3932 3539
7326 6609
7594 7409
12713 1912
12923 5408
10552 7123
9144 8286
3096 11502
12935 5730
9205 8596
8958 6168
8776 531
12506 2552
5323 896
2965 7447
2764 860
10704 4975
8689 8248
2954 4613
7427 2537
2159 1209
8295 207
7842 3640
6971 12526
1870 7272
11474 5094
9569 6852
13069 2592
4149 4060
6555 7701
8677 2614
9204 3539
4067 7712
3272 3697
10864 6559
8460 8390
10523 8025
11669 1702
4028 6281
12038 5638
873 3000
6036 8132
9519 655
8064 1257
8008 9421
212 6701
3869 8143
1281 998
1693 3843
9766 2154
11746 7633
3185 8797
245 5734
3734 270
1913 2524
4550 8101
8978 6418
1023 3553
3824 6143
1959 5909
5307 7731
11684 4885
3424 6557
6030 4566
8987 8736
1626 10850
974 1804
7968 8822
576 8509
6896 8022
4479 10693
5005 2994
6565 8280
2228 1141
9729 3884
8815 948
4986 8261
10362 7492
6802 8760
2181 8834
11266 981
10554 2785
225 7272
12370 8291
10352 4104
7754 6176
1767 4303
8285 8096
5531 7033
3778 7522
1417 11354
8163 8810
9442 2260
11795 4676
2330 7720
9364 3770
6889 4292
1972 6089
3980 5553
5740 2748
4183 5259
2902 3225
3554 7415
8918 7526
648 2349
1801 934
396 1132
2792 7839
11902 1932
6223 4656
12748 8425
12534 9923
903 3836
10749 398
8 3789
472 6124
6700 7034
9493 10077
8915 8450
10096 2005
4481 6545
10021 836
1440 8255
10616 10209
3765 6539
9777 1091
4139 6973
5128 2251
3551 1564
1624 5119
9187 8606
912 6409
2051 12014
7779 4353
4102 3058
3141 7181
8848 8296
56 6544
13194 5989
9055 1441
9674 5298
984 7000
7265 912
10324 11471
4201 1735
8392 2600
5369 8909
5598 11869
8614 2522
909 8890
8695 1923
3696 7997
5968 8062
9748 4604
4635 4334
8399 8024
6368 6279
8719 8917
6878 5841
2986 6736
11222 8344
1291 6315
8822 2709
8725 1298
719 3622
5846 8498
512 8218
11261 6514
9204 5493
4486 7710
5839 8644
10001 5064
2062 8398
7591 1333
12588 4186
960 8050
1309 4806
2680 2200
10299 4498
4546 1840
2827 3740
10620 9138
2125 7378
3508 213
6384 4581
8814 1734
9895 5739
5984 9909
1954 2071
2321 1655
10592 8560
1206 8420
1246 7909
12732 9233
12865 3394
493 194
4819 12034
3547 2587
9871 6136
3332 12048
6750 9940
6486 1544
2010 5757
8481 2463
7862 5021
12758 1020
7725 4766
9867 8159
1164 1250
5908 1463
10413 5229
3809 8775
9414 6623
6958 2341
634 2678
2593 10507
13015 8577
6082 7208
2562 6820
7240 5669
7801 3313
1966 8175
2835 10559
11068 4371
2472 6162
6203 7361
11359 2321
11978 3367
334 2341
4637 4883
10966 5875
12742 7664
11512 1456
6309 1363
2045 931
1818 9107
8480 8552
11469 2024
2001 4090
12546 7671
5438 7008
1466 2308
1466 8626
9914 7868
9484 9965
7284 4118
1203 6102
6917 8253
4949 3855
747 3022
4188 8407
6314 1137
2030 8376
4377 9058
9565 8777
4982 9427
10657 7241
7800 1835
6931 709
791 4501
8215 1680
4633 795
6304 2062
5471 6074
2835 2617
10730 3072
11707 11532
8814 1960
5206 7317
6533 3916
8625 11193
11088 990
3192 8871
13045 5527
9171 8761
12133 5813
1727 112
5443 9054
8969 108
11100 4913
4934 7662
5895 8545
5726 7629
1638 7705
3149 8600
7282 4998
2610 7145
9558 6907
9718 4897
8832 5477
12506 8617
266 2895
9636 4771
8931 10864
6053 4258
6603 5151
12450 5963
58 7336
4810 6071
1727 7037
7240 7005
9248 3385
10435 7671
11366 5451
2173 9385
2153 8832
12571 3221
10953 3821
6541 4194
569 1873
526 3957
10451 1265
9 9443
6221 8673
9940 8420
10201 8844
1616 750
7205 10610
2227 3508
6653 4338
4080 8797
2466 1573
10388 8553
120 4874
4341 6405
12318 8309
1781 9143
6251 8312
3563 1883
12356 7384
9935 5610
4765 9003
709 8876
7237 3997
2143 3227
10173 7240
10335 8994
7988 5471
7341 1998
5286 6112
6812 4756
6803 1124
9990 4302
1427 4231
3689 3141
10723 7350
6146 7383
5847 1069
11338 18
11719 8991
1079 118
40 5934
12979 8678
1772 4813
11283 4876
7902 5987
5673 3914
9595 8852
1481 3396
6424 3882
7563 2070
6660 7573
7923 7665
13165 9068
3158 4319
4441 8595
7299 1659
5842 4391
3826 4030
9890 3632
5407 939
12523 247
2877 4011
7404 2424
6271 1429
8429 12096
12142 3243
8865 9253
12147 5288
7085 997
2995 7393
10418 8916
11411 8037
4393 9017
7467 3824
10885 6779
5570 3803
2172 2356
11194 6765
7022 8446
10503 7990
547 8086
9782 7987
9704 2037
7337 4132
541 5519
861 7796
11537 6375
7770 8133
556 9747
5856 6173
1114 8904
9937 3103
2178 1399
2524 9088
6870 7862
8375 6407
10081 8958
7463 8699
2448 3717
4403 9079
9857 2953
10155 9695
11712 1251
10473 7357
1125 4207
10649 1268
4766 3715
7599 5658
10641 2864
1084 2512
12832 8052
11190 10055
10166 2148
11055 6758
5848 2511
10565 5400
9164 5120
6486 669
10092 6585
10863 2965
7992 7122
12551 7072
735 5358
5423 43
4216 4688
7184 3361
10490 6624
4025 1394
7335 11272
1101 5363
11772 9020
13061 5358
12148 9200
11666 9854
7168 7947
6451 8102
8372 8656
742 3119
10782 8166
13159 20
2821 5230
12244 2391
3866 3193
10812 6967
8704 3471
4421 4132
1421 2052
5272 3877
12704 8120
3391 3996
11489 5550
8511 9064
8639 834
6713 9050
7812 7249
12133 11824
1170 4469
5504 4458
5089 4694
4842 4227
6907 4216
9376 7844
8933 3351
5229 9322
11149 1123
6387 9359
11248 9328
9668 8807
1688 1947
4521 9324
10339 5900
8942 7376
5508 7454
6449 3519
6451 8557
5806 4538
9912 2441
12428 6682
1083 3869
1486 2077
6238 2709
2389 7062
6110 11801
4395 8966
829 2144
3190 8909
2515 5921
3323 8584
2027 8398
165 7533
4257 2805
12361 407
881 7828
1118 747
8210 7742
12743 8282
8751 10093
12348 2196
10117 9268
3259 1943
5721 2136
10586 9200
9483 8380
4412 8931
4525 9559
11625 2513
2706 9668
6498 5821
11852 5047
7453 8919
6004 11038
3008 459
11447 9326
8241 7075
11843 8049
9650 9368
10640 5366
10553 2166
9170 2329
9816 1526
1642 4070
3760 2249
69 1777
9438 5364
1300 8467
11774 2908
6104 6835
7161 2129
4115 4797
13181 2512
7678 6815
946 8585
1394 4100
1697 195
5589 2411
12735 4230
9257 846
7265 833
1715 5419
2844 10503
9602 5483
4740 9314
8270 8364
10662 8915
6351 7823
6658 4171
3400 10656
11110 5873
3576 661
366 2489
2436 546
5721 9173
11561 3716
9567 8439
3791 9393
8108 6770
4979 8352
10914 8502
910 8718
4541 9311
12106 3934
3259 9170
5269 3982
12960 711
4957 2184
11593 4294
991 2524
3008 8926
12294 8373
2919 4397
8073 7198
1172 843
1047 8434
5109 5932
7417 2004
11503 3760
7830 3543
3110 2275
2895 8841
221 8517
12348 4651
11816 3970
8658 8800
4316 233
5099 5533
9478 8109
11582 2952
6843 4698
4655 9477
9863 8928
6932 3248
4043 3704
2096 3627
11944 6901
3837 3438
1338 9160
9930 6002
10642 3568
12582 4202
10548 5285
12760 6264
11498 2648
4093 8243
5184 1075
9463 1610
5657 9517
12350 4973
9778 1306
6710 3900
8866 2315
9384 1905
10993 8785
5740 3508
5157 1958
11033 4836
6337 9009
20 11753
6188 9546
11621 7539
4732 10970
10068 9293
3037 5367
1400 9434
1146 5169
304 2298
2197 8966
8742 7055
4754 7654
11349 9205
3162 4867
2629 8681
1174 3855
4015 3167
5312 802
324 8367
1651 4685
9597 2930
7350 4067
757 9010
10757 6030
4922 5607
2055 8613
7942 2857
8914 8910
11014 964
10071 3383
2992 9584
8332 4690
167 389
9112 9711
12391 3541
5816 3221
6770 9520
13057 4998
4204 2822
3786 8804
5582 8689
13078 2089
5265 1841
11497 7702
5342 7833
1073 10459
6007 1758
8279 8442
4025 7129
1773 606
3256 6669
3742 10593
9875 412
7354 8658
2302 6726
2692 4153
6618 5824
11816 7058
2723 8192
12667 9314
10924 2093
4923 4394
9214 5950
10802 6639
1810 9711
8447 9546
5937 2028
2213 3013
7829 8599
391 7149
7914 9198
4146 663
11417 2793
6064 5456
6584 3993
10279 10747
11557 3721
2986 7886
6574 1779
5497 1066
11129 4100
1409 6366
4016 1833
12056 8160
5260 8038
5543 9168
6131 552
237 4008
5070 9537
4328 9523
5059 4949
1996 4506
602 4467
6538 458
3724 6137
5573 3067
11792 3371
10479 1670
6860 7631
9146 1306
6392 8679
6025 998
11542 9309
2264 5945
1162 9594
8610 1691
4416 9516
6736 537
12821 4701
864 9353
1712 4727
3317 7973
9534 2787
9323 1325
9159 8507
12002 2409
4196 1752
12205 6399
9241 11078
7354 5067
12913 8689
6645 6121
4737 9166
6063 6859
3833 4076
1822 12059
4489 6614
7145 2502
11781 1015
9780 7991
5355 884
11182 7935
6549 3751
1700 2229
11991 9539
5215 2629
3831 3087
208 6198
2009 10481
4222 1374
8370 4304
147 3666
8500 4081
3821 6597
4221 3727
3586 7692
11513 9430
7490 5855
7381 7730
11627 8390
12108 9574
13146 8431
8014 7591
8639 4113
9589 7193
4619 386
4467 9845
6976 473
3160 634
12964 4425
9640 6459
9947 641
2176 4738
6124 2146
9362 2581
10756 2009
2050 6255
883 248
8495 6454
2246 8372
10934 5558
2996 332
7037 7034
4853 9095
12345 4646
4394 7194
3110 7509
3211 821
1186 6177
5774 3049
2674 1171
10879 5285
11274 7489
12356 3434
3098 11030
11638 8799
10979 5908
7695 6525
9439 4870
660 9873
9966 5850
4472 8019
9040 8445
7775 4017
7494 9728
11402 342
11620 5064
7092 3064
569 3085
4362 4763
671 7643
6624 9444
3908 9236
10587 5622
12289 9861
1098 9395
1495 8117
636 975
8833 11448
562 9517
10564 11011
5468 1123
8411 4097
11568 9370
9333 9482
3039 4911
522 9564
4527 5335
10998 1368
8286 3256
4533 3456
8243 7905
10365 4672
8111 5987
7588 7220
5077 3773
8254 4198
11479 4034
263 5412
3892 5638
7520 5512
10206 708
12326 4159
161 2129
1473 7938
9691 8218
8268 5023
12835 2604
760 7092
5553 6348
9912 8880
8762 9437
10082 9292
5706 1062
5992 5215
3250 4325
8813 8758
9742 1394
1407 10220
2953 9601
9559 7079
6297 8500
4419 10583
7945 8330
3789 7998
1733 8115
540 8518
6868 6050
8388 3466
8760 2821
11900 9073
12170 3755
6264 3051
343 7192
11988 673
7536 7202
781 2760
11021 2065
4971 5462
276 7228
6114 8765
12447 9764
12415 3634
11557 4477
8200 8366
6822 2848
3176 3346
4207 2230
12458 2750
708 5223
8722 9110
61 9306
8730 10020
6716 7802
39 10528
7241 487
7457 9889
10041 9661
9365 8859
6537 4019
10513 1336
1245 3972
1157 5675
6793 3244
4373 4533
10933 7651
1109 6607
12476 5827
9993 255
12298 11176
5707 695
3387 10070
12503 12226
8129 9087
3865 3106
2447 3107
9170 7463
5255 8179
8574 4153
11080 9556
8627 4164
13134 10105
2085 5528
5477 10031
4041 10759
3176 8153
11250 8654
9038 3223
2748 8580
7286 1468
5909 3400
6369 6818
6684 8004
5887 10063
8956 690
10761 4702
5370 6905
5327 1565
10861 2706
8637 8415
259 6143
12518 9600
12938 9363
9377 4685
2399 3640
3319 1111
6957 5762
4986 1920
8153 10055
3160 9069
467 7007
12622 4844
1987 1634
11713 2409
11280 5948
6924 8399
4729 5724
8938 3150
905 3811
4799 9556
4566 324
7722 1902
6087 1644
2958 6376
3272 8786
7816 7602
12689 4843
6344 7833
7230 10655
2453 675
4594 7359
5031 2182
7755 2859
196 9152
3805 4105
3739 3637
6744 3665
12227 10137
8376 2202
11553 8645
10362 3406
3878 3836
1966 7959
3816 4037
1224 5528
5911 8555
12274 9385
10697 2964
8443 4148
12237 9956
12712 3062
5782 4889
11903 4309
3265 4257
10896 4001
9511 1275
3248 7252
6229 3869
9463 784
3830 4182
2918 8289
858 3409
6246 6390
5800 6569
12010 8338
11997 1154
12427 3062
3396 1017
261 4014
9435 7263
1450 7589
9943 8077
868 814
323 6278
1347 352
2796 6970
13191 3263
305 9637
12050 1079
341 10021
10302 11659
10189 8383
9032 8167
1864 9381
9800 6699
1900 7659
5923 1503
2738 5865
4545 9129
3475 7834
4146 1150
9680 11742
1150 9552
9092 2412
6043 10227
4527 2323
7982 9546
5695 9176
885 10082
8019 9983
2908 9559
7581 10428
12893 2580
299 7347
466 5332
12704 9734
9295 683
5441 8752
13058 9231
5973 1781
6674 489
7421 3781
9884 3288
12765 660
2289 10021
3781 9177
6127 2584
4866 435
4493 5329
533 8348
5040 6386
729 10669
3620 6044
6291 9527
10461 3607
11902 3531
4018 9703
7634 9384
72 5335
3508 7951
7772 5634
11342 1157
9183 6722
3858 9546
2075 1155
5338 11347
12662 10316
7387 3475
5631 4396
11231 9017
13021 9840
3641 5158
11694 8650
8282 8212
2177 5259
7299 8465
6869 1791
5926 8825
8652 10334
3928 8333
12516 3425
6953 3671
6996 1667
717 10337
12778 5733
1631 3178
8214 10257
6979 9522
7413 5967
7654 9370
9493 2122
7530 5791
9632 6164
1073 3418
159 6970
12878 555
12411 9687
12075 2126
7589 6472
3861 6458
1217 8973
2042 1336
7605 2693
9915 9621
10365 3436
4705 1425
764 4905
6036 3620
7177 726
6831 9980
6602 6039
2696 10226
7404 8876
10584 1265
5951 6690
10097 3284
4286 9673
7764 88
8719 4379
7524 7764
11948 653
2158 10193
9916 2734
8489 3928
8545 4130
10121 10361
6410 2215
2864 10459
12908 5093
4983 5454
8348 10120
5136 1351
9090 10421
8535 8481
3766 1317
11573 6156
11494 4902
3091 3024
2031 1567
2192 7877
4221 10134
13146 5438
10445 9846
8376 4373
9208 1452
5965 9639
6967 9646
6482 7465
3963 2867
12207 10369
11695 7786
8151 3791
3958 2381
9951 5408
1159 11805
10999 4773
10470 8013
7787 7098
443 6233
315 9975
11122 10127
8934 4454
5447 5129
8755 6899
5925 3513
7082 1462
2384 4205
307 10475
12193 8284
3654 10440
6339 6794
4755 7610
9150 8986
7423 9347
10807 1651
10974 9547
427 1277
2385 9544
11952 9400
8556 10010
8826 4900
1038 2795
5435 9341
10645 3856
10769 9867
6326 9094
354 670
11720 3429
2673 10056
7137 6480
2952 1913
3130 1882
7414 5206
9861 9138
6260 3992
1692 10328
3690 9490
11078 10344
8641 8834
2357 5536
9521 2827
3180 2459
6490 7562
19 2384
1801 9855
3463 2084
12736 5532
8796 3056
6466 10470
9381 3322
3883 9432
723 6845
3271 10535
2218 9307
11119 5369
9968 2690
12431 5474
8985 1170
1504 9762
3477 3394
4184 9613
7560 9473
2089 2853
8687 1003
5307 2517
2135 7110
10474 10207
8812 10021
8828 10347
105 10525
11752 277
5383 2564
3206 2427
11961 12159
11540 3282
9070 8373
8135 6128
4244 9768
80 615
4773 4002
5691 1795
13163 9554
6491 8754
4758 8233
12165 7799
8995 9705
510 1225
12790 1959
386 9709
11108 6215
7559 1370
9469 9840
6138 3437
7056 3300
12412 6245
2572 1808
2705 11989
7225 2877
8112 6045
2983 4432
11779 962
3982 8344
11694 9197
11135 4939
2066 979
4565 9377
5098 437
557 8071
498 5303
12916 10490
1472 4133
2379 2214
11330 8954
6886 6490
7891 9964
2868 9042
12952 4215
12085 115
11310 634
12079 215
4807 5000
4860 10651
6569 6301
3693 4170
3483 3230
8593 3613
7762 8637
6644 9518
3765 4219
10224 8571
9745 10340
3078 3273
12139 10143
12042 7312
9963 1682
11127 7713
7940 1249
7142 8044
311 7752
10130 9006
6259 8066
8174 2442
7629 69
2990 203
664 9031
5315 2206
3038 10044
7425 10661
8666 9602
5022 8296
1840 10460
850 8152
3665 7127
8249 5501
4205 10342
8284 809
8345 4177
3531 6741
8557 1600
9223 10117
12328 1547
3074 7896
1077 8950
5908 10156
10424 4614
7936 5577
3029 10622
4355 6136
5480 4552
5406 9982
11023 8304
779 10062
8791 9856
5531 9677
3860 10553
4129 4433
13034 1323
2223 9260
1744 5943
10464 12261
2988 6472
10509 1134
5845 1955
6547 892
11663 10386
3231 2130
5142 10750
4681 2392
4470 12115
50 9637
10104 1244
7506 4487
7168 3790
8018 3390
13033 5082
9607 5754
10121 2812
1839 2011
20 10071
12800 873
5719 6116
10383 5637
7111 10655
6146 1316
431 8419
7012 5798
2411 8336
624 2737
7112 9704
6298 10556
4931 3368
9341 10426
786 4352
7282 808
9056 9133
7358 5452
498 9687
6474 9583
3565 10222
8385 3939
5036 217
7124 9019
3426 2487
4041 5255
8146 9981
6479 2805
10234 4665
5554 2383
10815 10701
10772 8068
3259 4552
2809 8261
3919 10749
3060 1332
2160 3543
13170 10445
10087 4869
2418 2949
3372 10287
3707 10663
8562 2191
5513 1857
11701 1294
2168 11945
2643 6473
10526 2730
6307 4573
4190 2745
9633 1974
8669 5774
109 5761
2044 1774
3659 9695
8565 1296
1714 10763
2556 10927
8778 4283
4035 9450
12524 10613
1437 7084
5689 5483
7068 10652
6459 9170
1540 7835
10398 5728
11399 2399
8131 7544
10069 3667
6568 4415
2763 818
11141 10741
9147 2342
462 7675
5634 474
8556 3014
372 5807
10353 10816
4730 6062
5976 570
8131 686
9675 2205
2671 6776
10281 8218
3152 8828
1656 10683
9486 10353
9489 467
10462 8454
12657 5409
7840 10115
6824 8842
1736 2613
10924 5992
10603 7975
6938 3291
10013 6288
12016 10909
12288 9450
8131 10753
4111 10770
6985 6592
823 4428
10725 9831
6627 9270
11495 7265
10021 9161
6944 9171
10536 10007
10233 9434
1255 2919
5795 12519
86 1139
10697 6434
10868 6473
3270 8142
7156 8869
7171 1462
7172 9726
2945 10849
1955 9188
338 4455
3450 10740
7396 10572
7580 9874
10403 5108
12097 2093
8882 6398
10111 9421
11142 4575
7033 5123
1306 2522
5303 2700
11926 5623
5088 5738
8711 10876
8321 2602
7827 10851
7487 10035
6617 9703
2894 2027
10805 3439
12978 9142
168 8320
10766 10005
6626 10406
8082 5987
344 1595
6910 10943
10729 9288
3974 9460
5942 5231
11394 1604
3272 2074
344 10740
11721 10925
6005 9627
3550 5693
2973 2109
5296 1969
8925 6426
10306 2684
2263 5037
2805 1230
8393 10552
7232 10355
12130 3281
6324 9613
5416 5451
551 6472
11252 9961
10386 9600
1260 7028
8629 8267
10036 473
10166 7109
5395 1534
10216 4059
6998 9206
1342 10539
12938 10972
4910 10706
2387 8883
2145 10557
3235 4007
12144 8059
772 12754
11444 5597
9119 8295
7691 4747
8802 5561
6858 2734
4357 10920
8339 4739
10533 6732
6685 10971
5476 1184
2499 8147
12508 10818
10569 2553
4040 8646
2994 5413
8199 2373
11335 10996
3943 10363
1846 8069
7267 7034
4285 10754
5084 6527
1323 792
9263 9384
3477 591
10505 2586
9388 12248
5889 10895
8782 2669
11908 10731
10579 255
12043 1566
5070 10850
10457 1297
3628 10426
6320 1457
8213 10786
8849 173
8740 10309
9493 9964
1317 10976
10842 474
1553 10603
12607 2733
11719 8398
1793 11245
10554 8968
6729 4586
8220 10380
11145 1832
7421 2764
6338 10595
12020 547
3895 11124
12266 10327
11939 10859
5497 10463
10605 9976
11800 8547
339 9525
4397 1174
12737 4861
11777 5553
2452 10992
9854 8267
7613 3225
10461 10573
1096 11134
10467 6811
8837 1934
2916 8442
6437 3814
1840 11043
3750 4466
8836 9680
10599 2934
55 2976
1758 10963
3881 9592
2545 10705
6233 8021
1159 10933
11045 5954
13070 9809
4802 10367
12991 10867
8322 4869
3526 2704
6794 3055
7512 378
5699 8460
12042 10531
3575 11188
7735 11214
5942 2202
9945 4131
2533 2799
11360 3326
5129 6453
4316 2385
6003 11215
8247 1546
10630 9834
217 9453
755 4667
5715 3180
12793 2697
6833 1547
1089 10798
1745 8613
3616 9212
8556 4097
10347 1404
11552 11172
11128 10703
751 10673
4826 8893
7375 10553
10108 3777
11943 7605
497 1047
6274 10777
10701 10547
9380 902
6536 11052
8067 10174
8781 3558
12103 7648
1992 3868
2636 5039
1906 10948
2501 11157
13106 8394
1873 11001
4020 2529
1746 3094
10730 10413
7382 10863
12388 10382
4339 3664
11288 8405
4002 1703
5855 6069
901 11154
3611 1375
9369 9866
11444 11223
6411 7213
9996 124
4822 58
7168 1126
4545 11210
6001 3885
1843 10895
10871 9863
6450 8880
4493 10230
12374 10953
1639 7673
7202 8411
6290 10756
4111 2637
12499 3793
8780 754
12072 10013
6112 9957
7545 9339
1580 9422
9344 10903
7594 1323
1320 103
9671 11317
5263 4265
6794 10999
4088 11296
558 9526
10524 6473
6327 10998
4153 7467
3800 6689
12415 1372
6195 9976
7999 1792
9900 9561
10687 7299
10386 3074
7164 10518
6592 8535
9875 11113
13114 10717
12361 10643
12483 12673
9162 1136
4273 3546
12994 2252
11609 2899
8756 10221
7965 10038
1788 2937
12547 8868
9055 4106
5891 7785
5548 10530
7708 11271
4091 1069
12498 11253
2069 1171
3375 7606
12776 2772
6700 10028
8361 3398
6548 11273
6499 3323
12843 4188
4163 2201
4857 355
10654 7874
10002 11054
12951 4532
7681 10937
8639 11368
9547 8798
11235 10011
9691 10931
11626 11347
3884 5405
3751 10228
3755 1775
1761 7713
5538 2862
10547 7616
11246 5334
8182 11347
4738 11201
4184 6441
3463 11201
843 1813
3370 2014
12365 11312
5749 2098
4065 6835
2651 930
9633 11138
362 10715
1384 11372
11383 2114
1510 9459
12694 4264
4242 10405
6775 7352
8766 10672
848 593
5527 10393
4956 4739
10151 525
11573 10966
2191 11072
11341 4279
7892 11086
12836 10574
4980 3290
5068 10488
7973 2866
480 10074
6637 9368
12178 7948
56 11371
5969 4534
7355 9794
3440 10486
3938 355
12542 9078
348 10486
7828 4239
9900 5240
9791 9773
11499 3840
5236 8797
6286 9238
4165 2865
8639 8874
2026 10424
10556 4236
9321 11427
1409 369
4783 10892
6568 11244
10985 4812
614 4613
1205 11560
9770 10937
4760 11008
10126 3523
4076 10048
9937 11295
1752 10607
11812 10430
3075 9764
9102 10977
1583 341
7023 10044
2168 11103
10478 6420
5553 983
9685 10250
768 10606
13106 9972
3723 3985
1411 910
11479 11464
7896 1846
1674 9828
9491 2140
4814 769
6957 9218
5569 2281
7243 10192
5470 10962
10209 4450
7879 296
6116 2261
7370 9148
3284 11120
10899 8053
12647 632
5670 10578
273 11450
11942 9570
13193 11292
6246 3975
7152 8699
11083 11550
3536 3292
4624 10875
11892 6760
12115 1684
12792 1224
1212 8467
11624 1080
11823 4137
1160 11405
2238 5991
1379 11235
2513 9256
10060 4914
3114 5019
10966 11232
12912 1247
2016 11001
10917 4700
2087 12746
10239 7304
1706 11161
3335 5576
7789 10973
3789 10910
10295 7054
1146 265
4746 7420
8622 10091
10444 10328
4594 5957
1146 2842
32 376
6223 342
5090 10465
9087 11560
9936 1770
12478 8661
4432 5558
1046 4870
5454 10561
12592 2199
1452 9384
435 996
3660 10543
2061 9013
4917 11362
6192 6575
3463 1708
1282 10574
5471 3534
10515 157
11585 11624
8421 11414
13101 9960
8946 11481
12404 11515
7714 1907
206 4942
2362 8828
6334 11305
10713 9904
3631 2214
11815 3272
11359 9640
10140 11350
10213 10639
1689 5273
10437 8136
9356 10414
12544 2521
9989 2079
12806 8123
9217 1503
7889 11387
4558 8393
9527 1145
4661 1195
9172 11839
8902 7433
5624 1994
9988 11318
527 8386
10164 10623
11676 11257
4490 11325
4951 11688
11068 2706
2255 11650
5410 910
11279 10969
8372 10945
9366 11176
4571 4064
10791 8383
10209 5246
6291 2691
1728 11641
2371 10075
13176 8563
374 639
3683 975
8425 10850
12807 10426
11371 11281
8671 9976
7451 4919
5508 7812
9300 8985
11852 10676
7761 1776
1312 318
9366 9439
13129 10781
5411 11653
12029 5794
5166 11115
12249 11351
8592 1270
5421 9115
8492 1839
2946 10683
12032 6520
2606 2430
9085 11267
5946 2611
13124 11474
13112 11421
8597 11326
4504 11138
5460 11393
6725 11327
1747 7361
4135 11483
11266 11496
12310 11011
2290 10574
11464 9836
5628 657
2922 2617
2651 10913
9888 3449
3286 11743
4444 1404
1944 10455
9029 4430
2653 11105
3137 10520
1302 11325
361 6048
5643 11176
9584 5792
11579 11744
5882 11261
9886 11650
6139 1075
5178 11615
10111 2935
6450 11626
10561 10692
5977 5461
6360 11701
9688 11588
9185 9766
3784 9789
12354 3918
3238 5285
11501 9652
9627 2922
12779 3692
4361 10931
8931 1269
3218 1037
4877 11682
5449 11519
9078 11466
6217 10562
1224 916
2346 3918
2496 11764
7499 10803
12120 11285
12801 3594
6423 11821
10364 11420
10008 10875
1378 11039
3126 11414
8931 1264
7220 11748
907 193
9584 7206
3165 468
2844 2904
1067 10559
7404 616
10322 11630
4585 11803
866 5122
2862 11269
7403 11787
7531 606
8484 4173
9107 8301
4597 652
6945 2365
1899 3512
10202 768
7785 8207
7431 4537
8851 11897
4884 11198
6358 11835
9894 11058
6638 2556
9148 11756
4370 9765
8875 8620
321 11473
247 11047
5277 11784
781 3860
5384 219
5437 8071
494 9474
3414 11741
7985 414
11212 3284
5940 2151
2187 11887
903 10478
6477 1652
7533 9252
323 1392
1233 3261
10332 11769
498 11818
2607 438
1338 655
588 10273
10610 11632
7616 10145
8782 11527
11698 10850
12804 1197
8009 9036
6203 3741
2891 10113
10931 4136
5421 1245
4764 6540
10924 2154
6900 11072
10050 11393
11577 3970
4422 11905
6190 11651
2687 8717
3837 9660
7148 11397
3298 11234
7708 10794
2409 2208
9319 6945
10713 11368
7641 5043
4946 8584
3020 11794
5733 10497
6458 882
6294 11861
9413 11752
324 4901
3034 8928
7947 11450
8957 11333
3681 11216
11129 11878
98 3542
7238 10012
10162 11914
2603 522
6380 11904
70 11603
11937 10425
11280 1069
5963 10371
2876 10703
1849 10637
4174 10946
9623 534
4064 1555
9543 8655
4072 10391
8228 11161
10971 11939
8628 11143
672 1802
2852 1233
12354 11385
9847 9862
5346 10438
12672 5208
6372 11098
5025 9859
1498 11084
10885 9760
2222 2785
1561 11783
10850 1222
5506 6389
9810 11446
10438 8999
10984 11995
8691 11874
7087 11162
1797 11285
11392 8762
5967 970
9737 3054
8311 84
7809 2089
6982 2196
9838 11825
4809 11607
2936 8747
11395 9018
10082 7752
2331 11880
9138 11566
2146 6099
1781 5142
2130 11706
8572 11276
9242 10489
6826 11821
5245 11956
4356 11969
6208 1203
7222 2631
7424 9048
8245 8890
552 12038
5024 11554
10852 10782
2565 11697
8941 5498
1440 11711
12058 10765
5999 10867
7470 8223
10840 9271
12211 2929
7587 11773
946 9804
8017 12058
5411 11765
9686 11993
8221 11895
10697 9493
1899 965
1825 484
8474 1518
2191 5735
6002 11452
4025 11117
664 11825
10080 10211
7283 11281
10059 11861
1127 11701
8360 329
9465 350
13028 1010
2005 352
1993 10855
6121 8112
9047 12087
84 4983
9277 11611
9301 307
7445 11847
12856 1238
11921 10517
5926 1984
3578 1501
3756 11850
10962 270
11401 11847
8069 553
3655 11023
5749 9774
11147 794
7719 9785
8490 11400
7427 1300
1828 11771
761 11833
514 3077
12345 4678
59 11096
24 11482
11815 11994
929 1282
4318 11590
346 703
11690 2503
9118 3123
1173 1768
5886 11775
12530 209
3314 1655
6867 11769
3246 11492
8686 11056
1234 3087
3350 7693
692 11732
12571 11918
1854 10450
101 11022
9932 11894
12061 855
8081 2651
8339 12167
9538 2105
7125 12157
8742 11932
829 10318
400 10482
3853 12138
8852 10102
9857 11338
4026 12076
12587 2031
4691 1364
12604 8892
9991 1565
6817 9968
7748 11642
13169 9400
7086 334
2012 12034
9353 11953
11564 2122
2651 10121
263 12158
6310 52
8243 7380
10157 6562
6044 11464
12844 1943
6700 12005
3795 12191
6253 2398
6455 11243
7484 54
7580 8892
7012 6286
1922 10489
3482 11802
2665 10626
7029 10731
7534 11940
4908 405
1169 10872
7722 12174
12226 463
1107 12160
2047 11085
8396 3177
4841 12129
1703 12230
4876 12118
11933 836
3012 12239
11816 10256
5787 12221
9602 5546
1418 6593
2061 10356
2384 4285
6248 11633
1120 11715
11521 11543
4551 1365
7359 12421
7875 541
3975 12206
82 8273
5646 90
8739 7216
9339 504
7368 11467
8297 10331
5211 11720
2202 6527
12425 11936
318 11866
4380 9472
5737 2356
2743 6576
10016 12084
6108 370
6570 1794
9917 12144
11988 11368
9152 2474
7618 12275
4939 12262
12054 12102
11465 10317
12225 8581
1566 4490
5594 9601
6907 8625
12900 11665
6803 9987
4595 11507
2637 744
3537 246
3537 10150
2961 9458
8653 11594
1647 8835
12070 12096
8674 12161
8265 10705
3005 12158
2250 11888
11099 11081
12244 10237
13023 11794
2493 2072
12070 11863
4928 8594
4025 11336
8689 10302
433 2311
1503 12260
10753 4275
7625 12181
5355 1182
5546 12089
10352 11925
12403 1522
1357 11965
9041 10361
7672 11358
8394 11876
43 11968
1284 4716
6177 11562
6270 2370
2688 10492
1022 1026
11788 10809
6209 9812
6600 7594
1601 8934
4096 11247
4507 11928
10885 11407
10031 12066
5308 12109
12491 1710
12134 11721
5990 6807
3020 219
9377 11443
12850 12350
2831 12248
9077 12200
4217 7263
12521 12266
2814 9025
9931 7407
10100 12369
1991 11924
8505 12239
1088 7461
1922 12350
1498 4519
7500 472
1627 9916
13181 11936
13072 9417
7520 12385
10070 11552
6048 10218
3657 511
4695 12260
9200 10289
5489 10594
10879 12302
9389 12284
10100 2052
7354 12177
1350 9120
5190 12254
338 1431
9138 11904
10076 2470
9015 11716
12439 10611
2529 10721
6317 10382
12408 11172
4684 3683
10668 10757
8487 12188
1984 12152
10954 12181
8021 12408
11996 11550
11125 12189
1941 1847
857 11528
7986 12086
13172 12335
10694 12379
6417 12451
8017 9501
7541 11861
285 1929
1456 11640
12786 11229
5706 12214
5948 1140
8423 11184
5236 1862
2228 12430
4116 3476
6606 289
9875 3009
10218 227
6959 12430
10198 11741
12523 12368
5695 11592
12478 11902
9750 12231
9779 11580
7068 1462
9423 12164
5119 12346
12290 11909
5998 12105
8634 12453
8258 12244
6726 12077
11386 12272
6955 11777
10158 12123
7445 11447
11481 11292
11153 11750
12490 11777
145 12151
12100 12271
6407 10398
429 619
12438 11908
5851 10953
11857 896
12471 12437
3386 12023
10812 12519
11465 12191
2595 12491
10838 10670
590 12084
11484 11839
3923 12198
10746 800
11195 11978
9055 5124
2150 12310
4476 3589
9972 11703
8385 10722
4403 12309
1403 12292
50 12346
3302 9524
6873 11405
3309 11859
2921 12312
4405 11883
4395 12299
12304 12540
8274 12204
3932 1274
3649 2018
6643 3515
10628 12565
494 12484
1705 11027
6992 12464
11889 12275
3811 12390
3335 3628
6687 12508
4337 463
11775 12130
8193 12570
10885 7513
99 12084
7399 12375
11602 12279
4997 12406
1042 12583
7512 2431
12986 10904
984 9159
10401 1509
2613 12163
4300 12066
10554 1875
9352 12246
10964 12075
5732 12192
10564 12095
12524 755
1765 12378
11367 11922
295 12506
11616 2702
6893 235
12615 12234
5278 10757
6556 12485
6182 12143
6836 11894
12066 11747
3160 780
5564 12380
9265 10749
11669 11907
11022 12611
10939 11827
6318 11344
11305 11243
6732 10527
12452 242
10575 921
10670 12533
3691 11846
7779 10744
11816 9801
10475 12330
3161 12577
11845 12178
6471 12653
1511 12572
4194 12517
13001 12056
6853 12221
1166 5575
7069 2136
5544 12621
12038 12483
3192 12270
3946 12666
6043 12241
2650 12143
6854 12535
10169 12663
5278 12259
8948 607
7703 12506
2596 12590
6732 1958
11892 793
10731 12406
2320 12226
13137 2823
8622 10009
9745 12419
11215 12154
7984 3861
7611 10770
958 10977
4076 12638
8112 12603
5934 10687
370 12690
10167 12590
1251 12559
12186 7235
3965 9789
9305 11557
498 12281
11034 12633
7919 12363
1863 11781
6464 9310
8494 10908
5836 12105
5265 602
2633 11615
10204 3202
4384 1302
5838 11958
7906 12582
7390 12488
6850 11849
3735 11551
6674 11599
8662 12504
8563 12004
3119 12351
9996 8882
4657 12349
1195 11305
3492 12368
5321 12633
11738 12444
6192 12208
8968 1821
6824 12645
7909 12668
9092 12048
601 1677
9944 11656
5363 9258
12215 12558
8379 12756
10164 12462
12720 12661
7252 12546
6339 12715
11192 4967
1774 12637
3886 12459
8184 11986
5231 12514
8462 544
2763 12773
5390 1059
8330 12725
3186 12095
7501 12516
4412 12023
1809 12782
4032 12747
10013 12344
10557 12724
54 12592
12726 11986
2591 10627
12119 11074
12427 1242
642 11536
2749 1152
922 8879
1332 12168
1971 12454
10168 12701
11565 1536
825 3087
8725 442
7551 11897
9754 12192
4284 12393
2250 12669
8437 12033
7755 886
5165 12274
9831 8227
8966 11421
10983 12725
10533 12461
1268 10559
2995 6527
9339 12311
10152 12580
268 12775
7742 4988
2214 12811
3909 12839
9860 5362
1488 12826
7673 11657
8608 847
9939 12662
12781 12616
12206 12523
6648 3226
1776 12643
2815 12555
5579 10761
5602 12607
7667 11402
2005 12841
3125 12680
10604 162
4067 12775
3399 12790
12829 12692
7116 12172
71 12760
12791 2889
7810 12651
2612 371
7314 12875
5998 4607
1928 11241
2566 12727
2951 12185
8033 924
5694 1046
7299 12412
952 12688
10068 12685
6571 12882
10324 12670
5708 12565
5031 9065
9025 12861
1125 12773
7869 12511
6467 12825
8905 12863
2763 12722
10432 12615
6428 106
5426 12727
2242 11224
3171 12873
2789 12862
3722 12903
9045 11046
13103 12873
2350 12550
7743 12876
5796 12729
9157 10231
10305 228
9611 12855
6856 12882
11751 12570
5250 11984
1473 12811
2963 12732
10549 12877
8066 12599
11169 12356
1830 12049
6961 10288
8766 12899
6843 12842
5788 12954
13127 12912
373 12927
5916 12440
10689 12322
10799 12721
12454 12702
10057 11492
8632 12731
5225 12882
11491 12912
7113 12931
2108 12805
10897 11720
10307 12495
10808 12339
1931 12895
8855 12916
9344 12501
2001 12455
7318 12627
1856 12854
8692 9935
9658 11023
8889 12917
3090 12242
1839 12900
11504 5287
6049 12729
1528 12752
7030 12859
8057 12883
7423 12736
11761 12552
145 12813
3528 11542
627 12981
12292 12961
4290 12921
11992 12890
5494 11274
11958 428
5849 5752
9892 1046
10394 12465
7863 11691
8724 4241
3829 11124
4772 5656
5247 12815
6212 12579
7248 11858
450 12994
6143 12498
11136 12654
5433 12564
9923 12370
4173 12276
9821 13022
8348 12997
9687 8143
8677 12929
3413 12628
7185 12985
11644 302
12863 12755
2538 12980
3117 12540
2812 12653
5432 12987
11399 12559
10326 13037
10188 13060
9625 10050
1948 12979
4435 13062
7697 13003
3004 13032
11486 12915
1470 12886
9040 13044
3811 13017
593 12976
13108 13028
6789 11041
1728 12993
7928 12692
1110 12775
7201 13063
1396 11825
7463 12804
7653 12886
4084 12549
12662 12986
4047 12030
8389 12987
8427 12769
3446 12956
1864 13030
10584 13058
5575 12319
1504 13082
10334 13094
1952 13080
5747 12817
8211 12736
317 13080
9289 12995
4064 12860
10281 13089
7006 693
12372 12903
11064 13110
11498 112
8044 13084
5723 13018
12338 13002
5899 12945
10844 13108
7608 12992
4739 11434
13044 13075
6588 13117
1333 12781
11571 12083
739 13049
9392 13127
8069 11652
702 12944
8961 13127
10264 12646
1397 13065
11590 729
10420 13102
12666 13138
6537 13058
4502 13136
11421 13121
4872 13037
11970 104
1341 12603
12621 13129
1864 13078
1245 13126
2149 13139
8090 10154
10491 13132
315 13029
2884 13152
2392 13149
6055 13031
1280 13153
8386 13157
12944 13083
3850 12885
8142 13040
8700 13119
10003 13121
6738 13136
8625 12877
3947 13169
5972 13042
13016 13178
3524 13179
8411 13138
8709 13086
2611 13076
3028 13128
10859 13180
4911 13177
9498 13181
11081 13174
6589 13106
2592 13181
1025 13151
4266 13187
3108 13186
1995 13193
10392 13195
5948 13182
11905 13196
2173 13185
