3200
4006 4799
4394 4794
3010 4793
528 4790
766 4792
145 4792
1157 4791
3594 4789
4504 4783
2931 4786
2079 4693
3311 4787
130 4779
4642 4768
4062 4723
926 4776
2920 4453
2311 4753
1970 4729
791 4724
4668 4757
4291 2112
2224 4729
3586 4757
1932 4671
2410 4738
994 4757
770 167
1019 4754
2135 4583
1962 4606
2961 4727
786 4649
2253 4720
1431 4722
3309 4734
1173 106
3128 4512
4623 4594
1863 4724
3825 4661
1816 4688
3091 4535
2095 792
3014 4524
2666 2626
4064 4706
4605 4693
3269 4707
1849 4305
2372 4554
3989 4586
2545 4705
2524 4554
654 4553
2029 4655
295 322
4767 4444
33 4472
3714 4659
3680 4627
2540 4673
3703 4656
1359 716
2835 4643
2402 4602
3975 4585
284 4174
4436 4602
1752 4607
618 4624
898 4540
1283 4608
4151 4672
4187 4431
3591 4602
2137 4382
4081 137
3835 4589
4036 4581
4400 4540
2155 3797
522 3774
3705 4251
3499 4227
585 4607
4530 4482
2970 1291
1700 4457
4791 4537
521 4361
1105 4623
3962 4637
3660 4569
3565 4623
2650 2931
1991 4503
3765 4141
292 4561
3124 1699
3473 4592
3977 4491
4166 4614
3830 2079
3252 4454
2239 4217
3015 4516
2343 4095
1766 28
2112 3651
170 4342
3859 4536
104 3731
3462 4499
421 4436
1821 4315
3430 4459
2596 4190
417 4540
2987 4520
3220 4559
107 4585
2819 4486
4359 4567
329 3073
2280 2389
1232 4359
4073 4596
1176 4458
1658 4519
1387 4584
4720 906
490 4584
965 4565
3356 4414
1626 486
3037 318
99 4012
1026 4578
707 4251
2447 4307
4345 4479
1153 4275
4635 4564
4551 4532
2561 61
628 4571
3542 4444
3353 4566
1402 4514
4384 3262
1280 152
822 280
68 4559
1266 1573
2961 4542
870 4228
4370 4535
4684 4409
1642 470
3044 4501
4002 4515
3569 2995
1749 3751
1614 4533
335 4468
2831 4463
3304 3938
4199 4491
3321 4524
3433 1995
2876 3396
2521 4512
3897 3924
2913 4439
2741 4393
3640 1625
3043 4110
988 3778
752 4505
2664 4380
2573 2869
1204 4183
4164 4383
712 1915
126 4528
3697 4493
2475 4526
1637 4334
2878 257
233 4421
2034 4366
3971 4231
4779 4356
4120 404
921 4210
3630 4348
4055 3638
1259 4048
3174 650
3281 1162
4529 4309
534 511
2465 4463
685 1333
3978 558
281 4432
1488 4426
4769 2941
2094 2716
4323 929
2428 4426
2211 4336
4568 3545
1617 4048
3277 4411
1568 3879
3747 4472
212 4252
705 4463
862 4388
4376 2153
96 2591
1801 4389
1413 3085
300 4316
4242 4438
3565 4203
1806 708
1294 4221
110 3041
2306 3883
3172 89
1736 213
3861 4338
437 3809
2380 4405
2217 3968
3266 4059
2872 4391
4433 4462
2178 4350
4320 4385
3875 4440
4364 3920
568 4221
2925 3753
2372 4443
3409 4062
2718 4441
3624 4400
1222 4408
1667 2912
1584 3381
3148 4411
4112 4198
2565 3696
4208 2926
2932 4417
2132 2814
204 616
2953 577
4083 673
2438 229
642 4140
3568 4347
4799 4114
4362 4417
1780 2125
2009 11
2216 4421
435 3426
1412 4179
1874 4399
2121 735
3853 3341
3423 2767
3380 4056
4796 470
4677 3394
3396 504
859 1851
4078 3438
3512 1178
3024 3444
1617 4051
4504 2263
4119 3785
1066 4064
1680 4218
99 556
1925 4090
3560 4205
4364 922
3678 2063
367 784
3813 3763
3168 3406
3289 4351
1837 535
221 690
2453 3893
1990 4193
2003 2530
1786 4057
2096 3627
137 4237
2526 4209
3634 4179
4065 4342
2572 4312
3365 4064
183 4010
4451 3489
2603 161
1600 4118
4591 4333
1574 4239
3038 3993
4036 4241
1642 3931
3734 2670
2232 4060
4326 2784
803 1587
213 3485
4461 2996
731 4176
4286 487
4503 3278
607 939
1240 4059
242 4254
1679 4005
618 4235
3150 3917
907 4295
3970 4226
4730 1714
4166 4221
1772 3560
4059 181
3848 4129
1014 2814
4475 3555
3795 3788
2307 500
396 4082
613 3760
4471 4079
3931 136
3608 3923
3085 2637
1314 1447
697 89
4490 525
145 2551
538 4058
3254 4268
3778 3706
4221 21
2346 4247
993 2761
2009 1198
2982 4202
4188 586
1636 4262
2087 3888
687 3978
4335 4194
793 4217
4291 485
1299 1284
4444 4142
855 134
2681 3908
4505 786
90 1929
3606 3620
421 1802
3349 3774
4006 4151
1359 2271
2748 2251
2872 3877
2505 3839
355 2969
2574 548
2377 3709
239 4113
3757 833
3993 4154
80 129
2938 787
226 2323
2770 1091
3413 628
3293 3476
1511 552
4126 2881
1357 3565
3389 1712
4768 3790
4579 322
3985 3935
4364 3980
3599 2430
3183 2289
2883 4100
3137 3518
1588 3620
200 3650
1315 262
896 2285
656 4052
2765 720
4502 3924
3374 470
1726 3658
3874 1127
2481 421
1285 3863
2876 1247
3448 2288
1777 3171
3891 3527
3778 4174
3386 3327
2957 3917
3028 555
370 3367
1176 661
1890 3965
134 1022
325 3698
2306 800
2047 3885
384 4014
3079 3547
1339 3208
3405 4114
159 4021
1831 3967
1802 2067
2643 3888
3671 1463
360 487
4742 3754
976 644
1406 398
3985 3211
3829 680
3713 4037
2144 1303
1215 4120
3748 2993
4421 3403
2303 873
68 3675
27 769
3707 3139
4181 579
3505 163
2377 3061
2568 2198
681 2558
2112 2069
295 266
381 2724
4545 2793
1075 634
2060 4086
4560 3015
913 3863
740 3649
3524 2666
590 4067
4342 3192
1548 1647
298 4037
1209 2222
2301 368
692 454
2564 75
3514 1800
2747 687
3992 1479
4061 3723
3357 1491
1234 2980
4373 3802
1561 3671
3925 538
933 4045
2979 3408
4289 1950
1245 4040
2862 2869
4338 3166
1407 3020
4151 185
3158 2369
3395 3879
251 2761
1901 4000
3564 1250
4036 4020
4518 888
52 3792
487 1114
3515 3742
4569 2924
3251 3614
840 3386
2788 3715
1953 2183
3972 3898
2275 2521
2248 3711
2254 1421
2167 1246
3576 3243
1278 3315
3956 621
843 2199
4598 101
4490 589
1362 724
893 654
1078 3289
2246 62
2063 984
689 43
4341 539
4105 1643
2822 3874
4353 1553
1973 1882
3104 2823
2827 200
4585 3815
4239 3704
322 550
4757 2486
767 3976
826 509
2534 2773
2068 3806
4080 340
2060 3478
1561 2807
2880 3469
2961 3458
1213 287
4063 1115
4295 3884
356 1034
106 3864
2316 3724
3475 3330
770 1463
225 2472
3546 220
2266 3758
3928 3152
4108 109
3321 3725
817 3665
4743 336
3938 3051
4360 2292
1625 3328
3220 656
742 3119
440 2255
1745 3803
911 1325
3917 3842
2773 2709
699 3365
824 3480
120 263
1107 3760
3585 1403
1180 2953
2783 2273
4195 2771
532 3899
4765 1486
4168 701
1254 3563
1990 2140
1976 3900
1190 3464
808 2260
676 2384
791 997
2480 2353
1510 3464
3510 491
2754 1835
4274 294
1721 3415
3886 933
1615 3348
1248 781
1050 602
1151 364
929 2065
2810 3742
4181 2852
4331 670
4556 1747
4298 3830
888 3864
3455 585
3467 157
2499 1265
186 1604
672 1802
1864 1065
4293 2149
4369 3325
2197 1852
4469 651
3688 57
2814 680
506 1417
1703 506
3153 1426
3337 1555
3650 346
4673 354
4289 1567
2724 13
3078 873
2144 3722
1405 3821
3996 834
3563 476
1699 193
3824 505
1033 2239
472 1648
1687 1953
2470 3426
4758 3692
1503 299
3362 3958
4130 953
1945 2151
4243 3707
4278 666
4595 2276
1199 3667
604 492
117 378
2384 3606
1545 3478
3055 1479
2765 3612
4502 341
10 462
2265 1578
3866 3424
4344 3486
3428 3368
1664 3694
2317 1026
2036 331
421 761
6 2955
4537 2356
3701 3394
855 3397
2679 3304
3596 1977
2822 4197
720 3312
1602 2690
3884 3288
3927 1892
4049 3743
426 3700
4277 2600
596 2583
3793 411
4151 2872
3422 1458
1660 3714
1364 1704
2694 780
2847 1702
3922 3700
2053 3821
4383 3130
832 3329
1984 1302
63 1177
954 3075
4790 3579
3574 2003
2896 1029
2432 3155
4392 3595
1201 2633
2423 384
4463 2762
992 2171
302 2859
283 1950
946 3013
2699 1933
2794 3165
1279 652
1390 3656
507 2958
934 3328
12 3316
3978 1883
4095 2925
3317 2818
4141 3491
776 1639
4255 3675
2482 974
657 167
4064 3260
4031 3619
371 1892
3092 1248
382 3168
3906 1376
4713 3331
1173 3662
804 418
2089 2571
2952 713
1095 2660
4174 223
3057 700
389 472
4610 3529
4127 1565
3384 3445
270 3570
1642 3642
2929 3233
1338 1801
1191 2618
1462 2074
2592 3581
1959 1155
1732 2924
321 3073
2446 3109
3923 3392
403 1121
2371 2974
3209 3337
4436 1236
3380 3060
4211 2571
3502 1131
182 1027
1524 548
1996 906
4103 300
987 2870
960 3543
4743 3555
2761 1554
535 2596
1768 1912
4518 3433
1481 2401
3958 893
2815 2554
1060 296
3229 3502
2116 3532
2937 419
2149 2755
760 3035
3682 2409
60 484
675 3
2370 344
4786 1480
1767 3376
2071 2722
2135 3510
4672 3417
7 1651
4686 589
2045 3163
4658 82
2958 306
1404 476
4448 3338
1407 694
1636 3308
2231 2331
4301 328
4597 861
3884 3213
2230 1159
109 2532
4491 1905
2288 189
2994 4004
3871 1273
3445 3024
4760 4268
642 1936
1652 3327
3733 2799
4580 2242
2067 1943
1521 4232
852 63
487 46
1358 1745
3248 3385
2748 2086
1168 1037
609 1228
3408 3067
2624 3128
665 3167
706 2546
4677 3435
1237 1597
4123 1222
2563 3043
4141 3376
1137 1966
4303 901
2685 1478
433 3027
2715 3429
619 1241
4310 3478
468 976
3354 2968
4521 230
809 1208
3868 1935
488 2896
1387 2988
3117 3137
3848 707
3143 3482
2288 1916
3091 1533
462 2883
3130 1510
1400 2234
1859 784
2681 2392
3057 2812
4263 3291
1104 449
3036 975
3821 3405
2421 1268
235 636
1986 3291
4775 2807
1956 34
1736 1242
497 2203
653 3010
69 1777
2540 1801
1394 1959
1633 1170
2150 3442
3699 3320
1794 517
4083 2957
3532 2199
1562 1743
2455 2922
2735 3179
1200 864
2768 3120
4196 2952
4341 341
1427 631
3387 2503
571 1118
3551 2290
2551 1828
2631 2227
2573 2884
46 1950
2462 544
2641 2834
3233 1950
4485 482
3657 2770
873 2741
3529 2781
1558 1205
299 2765
3683 982
3593 780
2921 189
314 3333
3478 281
2855 2843
3300 525
3944 2056
781 2080
3204 2397
1244 1137
3673 292
4377 3097
2094 4646
4307 2649
4584 1000
4519 1111
3518 3076
2828 747
1285 1850
2346 1642
2766 2090
3094 339
641 1961
4437 3336
4543 3754
4407 3226
4391 2101
3395 519
685 171
1539 2983
1986 2829
2346 3300
425 317
1814 1323
175 2201
36 1077
4584 3327
2602 204
263 1233
3185 2616
4286 116
418 103
1964 1979
3845 4534
2377 1207
2847 2430
803 1509
3013 1457
824 3045
3750 720
3739 2943
1822 1702
2188 3197
612 1531
266 3602
76 2518
4479 1807
3132 3158
2969 3063
1487 932
1834 1892
1356 1610
713 3278
998 2497
3851 930
711 2922
538 1539
3988 3182
2146 1840
1590 686
2354 1654
952 2677
3839 3234
3898 2684
2724 2488
1666 3282
3788 3187
3760 1507
1170 2762
2678 3250
3854 3178
1131 3141
60 3255
2124 2657
1712 934
3649 3218
4383 2669
2577 3266
3319 1174
817 1101
1761 576
1317 1538
3270 2515
158 652
4748 3784
2550 1621
723 2063
2881 142
1106 2772
300 1997
1494 1710
4550 3448
4562 598
2869 663
4746 1465
4257 3009
322 390
2438 259
3567 912
2254 1318
287 1975
4490 230
2694 1405
4272 1503
4390 1929
4331 2926
1601 1649
217 2926
2034 944
460 838
3871 136
3260 3498
2630 582
3968 2333
2487 4543
3527 1145
465 1524
147 2750
1300 2108
1003 3600
4031 1714
3661 855
2596 3030
3750 2787
2550 3180
1513 2435
520 3084
3159 2507
1154 2317
1531 1854
3586 1377
4049 1373
3917 1982
3492 3064
1631 3178
3002 3154
2605 1478
53 2668
2822 1509
3265 2194
1666 1171
1890 710
1266 2580
1284 1773
3429 2586
3174 3087
1261 906
1902 2059
398 1502
1632 3147
2891 1710
3289 3104
2942 343
12 1267
4043 3159
1134 754
3899 281
292 1753
1892 2132
65 3090
534 183
2599 2289
722 1550
921 294
1208 2233
363 3270
2647 2977
1085 2878
2724 1841
4630 340
3407 2018
2839 2337
1642 1770
3573 4181
4620 1328
1257 2111
1839 2653
210 2904
991 2796
4445 931
4307 2895
4408 2285
1663 665
3249 275
2725 1800
1706 1181
1756 690
3663 1839
3810 646
3109 2876
4129 860
1880 1777
1766 3058
3829 1072
2598 1972
3821 1773
777 1910
4205 457
138 3160
2362 3001
4683 2071
4499 1260
2848 1196
785 1653
777 3970
1178 2167
2987 1683
394 2609
2614 1606
2026 2286
747 3022
609 2322
1744 1921
1494 2884
3546 2718
551 1725
733 2953
3549 1762
2086 2143
1894 664
133 781
1018 932
1579 3006
1773 2058
1447 2662
1663 2488
1119 616
138 655
1839 1311
710 2709
4284 2793
4260 2673
2012 531
1131 2280
580 1058
4439 658
4575 943
4322 1954
3281 2914
4640 2314
2694 2373
3556 2253
3174 1972
3647 3544
900 2408
1166 2515
133 132
3047 2991
2803 2269
4088 2242
1157 792
3539 2459
215 275
2178 925
1926 704
4026 2583
1251 1391
629 2871
3746 2097
2935 414
3189 241
3418 1637
2583 3854
1931 2906
868 3902
1530 2180
4469 2944
1271 2797
37 1360
2718 354
84 518
1199 1907
826 2024
3311 2160
848 1793
1268 2807
2268 1298
3942 1132
2851 1097
1246 2948
3470 2906
2569 2454
4795 3583
33 120
4238 2371
4719 2123
1601 2934
2710 2452
3212 4254
2911 2935
3426 2532
4601 2456
118 1819
3756 2812
3029 32
3829 1544
729 2024
3573 1768
2542 2887
3767 3220
2558 2172
4537 2448
3861 2705
380 2217
511 829
1801 2935
4363 2505
1506 2087
3726 2836
1551 882
766 1825
3972 2232
3463 2810
3285 1156
1746 2350
253 138
4574 2908
260 2706
2356 2284
3416 901
3142 2636
706 1484
1205 2210
561 2858
3386 967
4561 2292
245 2253
1669 1904
477 1849
3183 1640
2433 1538
4066 1732
2495 995
2607 1799
4076 4238
1930 682
773 1366
1925 680
2070 3062
1957 121
2776 2054
2250 1287
2678 1436
1734 1871
2779 1752
1702 1766
1082 3479
1259 2902
2752 606
4113 2124
2970 594
653 1938
4536 1942
1654 970
1199 3138
2713 2770
1855 2641
625 2469
4336 1141
1145 2502
2121 627
4241 3408
1066 1274
3904 2062
1913 1030
4414 2350
1487 2835
4322 2089
2763 1984
3875 3913
3610 2692
2699 2657
2853 2437
2956 3747
3918 233
4190 2484
1350 2066
450 3226
1113 2704
1496 1416
3109 2616
3835 1508
4407 2831
2147 2816
4061 2789
1558 1735
774 2539
53 1826
1856 659
4205 742
4475 1418
2006 1576
332 1946
3201 2504
3057 975
1840 2686
2817 1800
2029 944
1712 4445
594 1325
3527 2112
2432 2105
3535 2127
250 2085
2010 2366
3159 2602
1407 1710
1742 2117
1596 2170
1390 2017
4360 1869
2271 1565
3742 2236
3607 520
3941 1141
640 2489
3716 1263
3353 1655
4150 3691
2810 1372
3434 2627
3442 2260
308 2656
4573 2185
3658 2464
412 1621
3391 2135
1966 759
2179 2322
3450 2126
4579 2655
608 2469
1131 2509
309 2332
2970 933
1790 203
1873 660
4760 4186
3881 285
4674 1117
1144 2101
1839 811
2749 1001
1429 281
4213 190
4149 1943
4718 1947
1975 854
2617 1754
277 553
4048 1484
89 1754
3779 2377
508 1159
2856 731
3484 2765
1676 1648
2751 1575
2415 1925
809 521
345 765
4339 2464
3950 1664
873 3005
3989 879
932 2626
1838 1356
3705 1811
22 393
4282 2218
2816 750
1353 2022
3831 2420
1582 1704
3596 1741
4242 1453
3826 463
2910 1826
4464 2624
4785 990
4446 692
235 2349
647 3929
1702 1858
1192 1615
2279 2457
3308 2693
307 2500
759 2309
1487 3917
654 2013
2653 3414
3049 805
248 2887
2979 812
4098 281
4143 2076
2211 149
3602 241
3283 1448
3201 2098
3601 512
3935 1709
3138 3504
420 1466
1976 2258
2697 1626
2088 2037
1054 2998
388 4191
4194 1813
223 635
828 1226
3885 4329
479 1232
3888 2249
4592 1994
187 940
1709 909
7 1529
3445 178
2531 1736
4413 165
988 3609
3603 3870
3880 936
3289 3083
4382 2952
4610 4142
1554 966
4185 2424
3331 686
3428 361
117 2576
2752 1552
477 411
3319 1265
571 3221
2316 3772
1526 1894
2918 1151
1066 830
895 2579
622 348
1068 1423
856 2082
3589 3
2858 2164
1279 308
1849 2237
2512 2085
2207 2497
4628 2210
3823 2482
2481 2198
3150 537
3998 3190
324 2501
4279 1967
2986 2140
4025 2581
1601 1820
165 2097
2917 1374
1714 2363
3441 2275
806 3323
3188 3448
1989 13
4464 3353
4022 4051
1042 2053
52 546
3549 2537
1185 2675
4712 1304
698 3603
3566 3000
54 1792
769 1450
2704 1287
3537 2075
1545 3369
1781 401
87 1910
2672 1381
4489 2046
2641 355
1540 2780
2686 1456
1502 1050
369 1022
1931 145
4782 1135
3870 2401
2769 2449
477 652
2 334
4239 564
2832 1877
476 1270
3033 1219
2714 1521
2064 2274
3221 1732
3177 1791
3339 4450
3939 803
1860 2156
336 3403
3224 729
1906 2262
385 2224
4107 81
1201 3317
1279 1989
1574 2136
118 2384
4388 872
274 2686
3871 2274
4086 2421
1747 886
1338 2180
227 4137
4456 2367
1945 2330
510 1807
427 3642
1243 3027
2644 637
441 2329
1468 771
1989 3302
3996 2500
4322 2030
2016 1116
4180 864
2534 1958
596 2222
2363 3592
2809 1061
1269 1710
707 392
3648 2065
4519 1198
811 208
1243 1168
467 2672
3128 701
2473 3119
4094 2356
1027 3013
940 1733
602 2439
1451 2245
818 3437
3076 1552
203 522
1746 1714
1086 334
614 829
4389 2391
1315 883
1108 2228
3248 2405
610 1851
1450 2112
2045 246
470 432
1108 213
4279 3038
3069 2024
84 398
1082 1047
1320 1904
3681 2816
4047 3215
4327 1081
679 2696
3871 1172
4469 3571
275 971
1409 524
1712 3418
1992 1671
40 2056
2344 2343
647 1832
3811 3990
3325 1159
4328 2040
1865 1822
3185 2024
3634 561
4280 1619
4100 1029
1298 1044
506 1384
2931 3498
4647 1395
2115 1980
644 527
1718 2289
3413 2624
3788 3098
59 3560
2081 2226
1384 3034
4321 698
3088 3589
1332 1368
913 3976
1696 769
2999 1759
2783 1541
2879 1573
3711 826
526 2599
2846 233
1776 109
1253 693
3886 2315
1308 1208
4760 2608
1272 861
301 90
4349 2372
2406 645
3183 722
4578 742
3365 3287
2977 397
3294 3197
710 1825
927 917
500 852
4197 1096
181 1264
2464 2195
161 1028
3409 1165
3874 2412
4212 1604
1629 588
616 3051
1949 1426
203 987
2851 2285
2844 1704
3434 1096
2140 2071
2970 1646
4707 2880
2610 1145
1705 2905
3902 2307
681 1018
270 4366
1770 3177
2245 1138
3527 676
1856 1183
1972 1649
2096 1917
4243 957
1673 301
4489 878
4366 3319
837 3630
4096 2005
842 163
130 2081
4101 2466
3704 1712
59 381
3269 4191
1196 3150
2171 1726
1096 1560
3241 1478
2474 3918
1579 2669
1336 419
2634 1653
4210 2860
3872 1914
2507 1897
3109 793
490 1562
4579 1061
1621 999
587 2298
1092 1348
4680 2202
3231 1163
4642 1912
2384 1509
587 2630
4381 3016
3456 2419
3742 3261
2379 434
80 942
300 220
2822 1680
1530 972
4732 1370
690 812
3709 1185
2619 939
2527 1705
3772 2484
2029 3092
1732 3275
2569 2211
2031 988
3628 2098
729 2186
452 568
2878 2357
3243 2016
803 4166
886 918
4049 617
4116 2116
3835 2621
2108 1358
4605 376
2504 2772
1321 2778
1627 1862
2458 2536
1521 1035
848 2295
3638 4012
1962 2363
914 2438
68 473
926 3930
4750 2920
4143 2120
60 2457
1648 3643
4286 1273
1652 1548
146 163
4790 2007
3816 932
2696 2175
121 3435
3243 3070
1476 3628
1560 2821
4314 2302
4621 1095
4799 1338
455 979
3851 3713
4070 2155
2360 961
2680 628
761 461
1731 64
3731 1855
3980 1953
2810 2193
1096 334
1775 494
1999 2776
2062 2398
1671 2183
3754 1174
2443 1565
3774 1147
3508 556
2191 3984
575 1433
4604 3248
4392 268
3670 2003
2308 1914
4417 611
4011 2370
3192 2322
3916 3025
579 3606
3003 2751
1004 2562
428 2127
451 2495
459 1970
1814 3413
2261 2958
1197 2366
4263 3382
3390 732
3750 2109
4487 1588
2284 3683
108 123
1300 2282
1393 385
31 3428
3379 2047
1652 242
2149 4556
2985 343
2463 2934
1823 1495
932 2592
2080 1539
864 2661
1175 526
1091 3865
3907 973
896 1015
2279 42
3288 2084
1979 462
968 1078
3841 234
2036 2179
1683 1555
4374 1271
4575 1357
3958 468
3047 3287
2315 1954
4631 590
1272 3433
1494 1458
2524 1572
375 1439
1450 1475
4046 1734
1907 1435
2453 1503
3447 2434
4053 1581
2591 2193
1758 376
538 2418
2942 2576
708 2645
1249 1929
1116 1755
2562 962
4662 1500
209 1575
1895 789
3682 8
1393 940
3980 985
2985 1419
2424 432
60 2195
2520 1274
4312 1260
2787 973
385 877
3009 2253
273 2191
516 1242
2260 3355
1640 223
2095 683
1983 2037
1486 2629
3704 2127
2736 761
4428 3650
1463 1723
1758 163
142 3339
1543 1192
3338 891
252 879
237 1084
2002 1970
465 2310
536 587
3735 1281
3272 1556
3877 3056
739 1906
1654 1109
1260 2251
2804 233
4434 1188
4319 1725
1906 582
1099 1632
1473 811
1737 2284
3010 2439
1692 2343
4503 2906
33 861
2481 1263
2811 2413
2455 2815
3570 2176
3148 598
4007 3085
812 34
4705 1425
3465 2184
1468 2635
4298 617
608 2859
2883 741
644 3265
713 1152
3917 2752
790 521
1476 2434
1094 1871
3869 2211
2206 4060
625 2081
3380 1577
3501 2883
3699 1170
573 2468
1734 3460
3333 1082
896 2741
1023 2564
4564 1726
4324 1254
2249 24
4002 2169
4639 1052
2963 2938
2314 949
1956 4357
2679 986
2230 1434
1384 189
522 2549
566 3050
2069 1702
3896 626
727 1800
3313 744
2449 1004
4587 2758
3717 1470
2247 1546
3087 785
904 1729
611 12
3593 2892
1091 3002
2445 1720
3517 1417
905 2935
659 1381
284 2023
250 2833
1014 187
881 1645
4615 1751
251 740
2738 4595
4689 322
1270 96
345 632
3761 525
4628 430
425 2594
4098 1021
1967 2686
4723 1692
2493 674
2093 1435
4797 2354
1166 1975
2997 1908
3906 68
2038 1685
3025 2203
2057 3128
824 4394
557 1252
2918 1960
2320 668
617 2265
2980 370
3638 2270
1244 2394
186 3142
2928 1517
2269 1017
832 2602
1531 2607
4574 1572
3122 1398
3504 1375
4415 1508
1039 2644
1226 3889
2365 1849
3526 673
3855 1254
1808 1991
4029 1269
752 1572
2368 1546
3331 2112
322 2582
2642 682
1049 952
159 2706
2621 597
1068 1052
4529 2482
223 2742
415 555
2908 2871
2563 906
1282 2598
3000 1156
2667 2260
4494 1995
2741 3021
1297 742
4301 611
1488 2190
4749 1598
1273 2493
1177 1249
1428 3187
3730 98
2599 3041
1791 1898
2180 1032
944 2901
3487 2499
4626 1899
2846 2099
1091 2001
563 3034
4434 1048
310 1073
574 2348
1142 2445
1127 2395
2883 2509
1801 2116
912 603
117 2300
1033 3110
1504 615
242 1289
142 1440
3473 2530
2362 1628
1475 1044
1450 1672
3238 2914
699 984
4753 2094
4010 441
1224 2820
4478 2820
3623 4443
1493 2398
3891 2691
3596 761
2375 3612
124 2782
2462 3408
521 2523
1953 16
2441 2529
2319 405
1961 403
1629 3173
1066 1676
290 1109
2500 2671
1380 890
4780 3090
1322 2007
641 3778
4167 2549
2520 2503
1241 2758
3798 2685
1897 2583
1015 666
1509 2536
1346 3262
2344 2794
4418 286
32 2920
850 2019
3248 554
354 585
1490 1049
3257 883
4204 3202
4730 3125
818 1400
3795 844
3043 654
2816 84
3641 182
2428 1117
3231 3980
3755 2594
4469 1109
2543 3016
2220 2515
2387 972
752 2325
3208 1440
4155 3123
62 1506
2366 2904
144 2059
3903 2205
4516 1265
3688 2599
2642 2079
4047 238
1979 2361
2710 3459
4652 128
4164 2223
1045 2835
2116 718
4450 1337
4738 853
3806 4123
1040 886
412 2645
2828 173
4758 1821
1375 2886
3561 1297
3749 1414
2714 3068
1528 2303
201 2720
548 1673
4650 1140
4691 2850
209 1566
3953 1484
4757 1496
1056 1373
2832 982
955 569
4444 204
1484 3905
1196 3365
3940 3307
3822 2809
2845 1704
2640 1586
454 3102
4373 3359
2630 1159
3846 1575
747 1214
1234 2242
984 759
1302 1101
4609 1906
76 3176
697 2902
2869 1937
1555 866
923 3225
1870 2562
3681 3578
2436 143
4065 3235
109 961
986 2870
2172 1162
1457 396
4592 1127
3141 1605
1736 2530
2999 1907
1942 3024
4517 773
3359 430
149 1992
1519 3179
4765 2872
80 2536
4584 2678
3993 172
4342 3309
4086 1582
1154 263
3656 1617
1924 3115
2070 978
3872 969
2199 2373
3226 2857
2302 732
4749 1312
1958 2934
47 1535
3706 2554
2224 2005
1202 3085
1961 131
3818 3187
3486 975
2601 2890
3243 2956
2724 1511
4226 3002
4074 289
3730 1189
4178 2818
4409 3036
2564 849
184 2972
1792 135
3949 2626
82 943
1989 1211
2510 1001
478 3502
3565 1473
2372 1201
3979 83
3081 206
1723 896
2131 3742
4700 1510
4308 1454
1611 2020
4732 3066
1653 2600
3973 1956
3160 264
195 210
1639 1673
3888 3096
1156 1152
1821 45
3792 3165
1410 695
1286 1468
3309 3653
2423 3245
1507 1247
750 586
1826 3759
1584 1075
798 3328
2265 1825
2736 570
3935 1339
2235 2463
4768 2229
155 3027
2311 1568
3423 1362
1682 2952
1397 3465
1258 298
739 2386
798 2478
2824 2411
956 3141
2670 1137
4616 3767
1136 3292
3809 2769
3901 1476
333 269
4623 860
52 1275
2321 3150
3360 123
3348 2907
2557 2184
3387 1099
3988 3037
80 2638
2623 3351
2727 1217
3762 1551
2440 2302
56 1779
1062 455
3966 899
2794 1672
1593 1412
1555 3055
3685 1513
3353 3380
346 703
2654 3467
1587 3359
2846 2771
3972 1081
2831 1731
4469 2653
1962 1087
1594 2422
2072 386
1730 1211
2 3146
4107 962
1718 1200
533 3315
1022 3426
2549 1044
2495 454
2246 2500
2285 3369
274 1177
505 3291
4228 507
1422 491
4393 2044
555 1013
3620 2087
4545 1436
2782 3869
2491 1088
3607 3354
671 443
4647 446
1354 2581
4574 649
374 2553
462 1675
3348 2325
585 3287
2323 3442
3865 3397
3913 3473
3263 2096
215 819
159 3370
3324 1199
3786 2906
2122 498
2121 2293
3321 3537
4481 399
49 274
2464 1759
1504 1362
1109 2904
3926 1960
3197 3574
1378 2722
4431 3196
4218 2457
1553 3403
3483 299
291 2345
3193 897
3914 3537
325 502
9 97
1190 3405
4115 2397
479 169
4481 3702
1418 425
3102 1769
3377 3215
2918 373
2737 2961
2081 723
2144 1970
4770 1304
4434 2715
787 3414
2727 1575
2291 128
2785 3508
3394 1052
3940 3430
1952 3674
4664 1163
943 3337
2841 3559
3068 3523
1897 1371
2982 1102
622 3593
1684 2028
3831 978
1640 2554
3185 644
1399 3111
1845 3665
4386 1295
4783 3552
2846 3509
2326 1504
2267 2159
2608 3603
4698 3495
2664 1838
4507 616
25 1094
429 3389
2171 3011
463 1207
755 111
4079 2989
3166 975
1161 3502
2231 1021
1640 3536
4181 743
4720 2194
4103 1430
1112 976
4395 3593
3040 2643
4686 533
2599 1418
3367 3608
684 804
637 2894
45 1145
339 3940
3303 428
3060 2741
174 1878
20 948
1566 3118
3789 2510
3592 111
2073 1249
599 245
1615 767
921 3336
649 3386
1351 2639
3586 492
3291 595
2563 96
4115 3412
2312 2572
3184 3279
3136 2606
3213 126
2547 253
3649 2992
3943 1254
3860 3680
471 3053
1556 76
3714 2575
3267 438
2387 1683
3917 1882
1783 3316
3278 1385
4157 1733
3909 3609
4392 2370
4765 3068
1719 2362
4512 2445
3095 3057
306 2741
1141 1961
514 2432
3845 656
3884 1862
2522 1756
1341 2091
578 2316
287 1003
4278 3487
548 898
2554 3792
436 3680
3069 2811
3954 2960
2192 2560
4492 2992
2352 1499
4048 3328
1653 2167
4371 3683
1963 2665
4443 3013
2992 1184
56 3660
4308 638
976 1673
60 3764
4417 2922
120 724
750 2740
1140 4514
831 2767
232 1698
3258 2715
595 2505
2425 1250
2150 3251
3237 1312
4609 3579
221 181
4097 479
4327 1679
4314 1419
656 1234
2829 613
2026 2493
516 4471
4645 1319
4465 2349
3782 2430
4761 2129
1183 1053
2186 3623
1536 654
1798 2247
2903 226
2080 2689
1306 267
2417 1773
2627 123
1821 2629
13 987
2898 1703
3364 3704
1400 689
497 1047
3562 2445
4449 3818
4134 3206
2625 3076
1727 4145
587 1908
3027 2451
379 919
4584 3504
3160 1543
2864 3460
3154 3583
585 3530
2050 2039
2228 3404
1687 69
1790 1019
919 945
3114 798
4503 790
4426 1021
2519 3874
3249 3449
3885 3842
4467 1738
3306 3590
1318 2845
2859 4135
1157 907
3416 3801
1625 3536
2959 1605
4600 3022
4284 1039
1728 2936
4069 1168
905 633
4233 3415
2883 436
1818 3671
4063 1860
3877 3814
3944 395
3509 73
816 1268
2015 169
29 3704
3109 423
2178 897
4751 3889
1274 498
194 2900
743 292
780 388
239 3362
2398 3407
2423 1446
3034 3209
3683 109
2480 3762
2265 3792
1406 2985
3429 3747
4507 3814
3551 690
363 2867
1376 1848
4154 3776
3734 1662
4149 805
1515 2775
1898 1312
1362 681
627 1382
3202 3879
555 3486
3010 572
2624 1848
3030 3624
2414 3559
4587 197
705 377
298 3319
2108 1169
2625 3859
266 472
3377 1266
1499 3747
4292 3886
2689 3861
1677 1652
1252 3582
1485 3673
575 3576
65 2112
1890 3882
68 4190
482 3865
3937 1672
2674 3974
1126 332
1965 645
2006 1085
2114 3891
4024 3414
4702 2103
1532 2809
3902 4549
221 3873
2044 4684
2025 3994
4622 3985
3939 2325
1715 1593
1995 3975
2537 46
1793 976
4730 2920
1825 37
2657 3942
2070 942
2684 3654
177 3455
2321 3614
2502 225
853 4038
769 3998
4059 3461
2868 1859
2216 3970
2058 3934
4282 1697
3321 3554
1858 3550
3878 3979
3445 1927
2279 3766
4196 3818
131 3153
2242 3865
453 2564
4217 3833
110 3455
239 1674
4577 2859
4313 2524
279 692
3611 362
935 3628
91 3915
1582 735
4728 2393
1714 2692
14 3907
2973 2104
4247 1861
2115 157
1379 1108
4663 401
572 834
1596 404
4648 494
1417 290
1571 2137
572 3613
1258 3823
1436 3877
3629 3696
2643 725
63 565
2948 1005
639 3298
2728 3533
4196 3913
2201 1871
3906 3958
2934 3789
1783 2099
2311 3675
4252 4107
4643 3650
3127 3677
3119 1222
4302 944
3585 3939
766 2597
1278 3923
4469 852
3427 721
3317 1053
4230 3649
1366 2832
3284 3586
2787 2179
2502 3884
1847 3687
4093 3843
768 4022
806 949
4421 929
3065 2946
891 3098
4478 4155
3165 4038
2432 3976
4681 3592
3395 1033
954 2645
2881 4092
965 3714
1678 747
3724 1022
254 3882
2704 3540
4363 1080
4373 156
351 623
3959 4061
907 1111
3909 3768
1481 3252
1491 4007
249 551
965 459
3433 3923
3965 1474
718 363
2827 4166
4574 3004
3105 3828
3438 146
860 431
795 299
4569 445
4360 3920
538 4204
1640 328
302 680
4417 350
522 3998
106 4091
385 4182
465 853
4129 3259
2697 1326
1710 1812
3599 721
985 4164
1508 215
2680 4039
3918 4144
4224 3647
1314 3774
2498 3542
4232 4212
2458 2365
4033 4041
1228 3825
2925 743
975 3589
4091 3469
1002 1197
400 200
4072 2958
546 3911
1888 509
4737 4080
3853 3194
227 3700
275 4012
1106 3348
3271 1953
1981 1460
4693 3212
1209 807
1942 830
148 1004
4302 3862
2563 4172
2126 4095
3982 4012
478 67
2779 4173
2903 3372
3608 3526
634 528
1981 3983
3966 4187
3974 1060
2677 12
222 4237
2222 1246
2047 1887
2503 836
2426 370
4141 698
3396 729
398 480
775 2508
1961 4048
1008 1256
3736 4053
2484 3783
2980 4281
282 788
2167 641
2986 4336
1918 790
297 1300
3828 1535
205 4325
2458 4071
1374 4153
2398 3058
1711 4337
1085 4052
2221 3742
1854 850
4002 4254
672 3706
1938 4345
4251 3842
4040 4537
1130 3434
1864 4246
2511 4317
3579 2932
533 2620
1190 4201
3003 4254
626 889
4082 1598
4152 580
1936 4377
3928 3947
150 4331
138 330
438 4078
2166 2999
2747 1159
2382 3366
4166 4251
1769 4285
1387 4096
2529 284
1466 4185
3870 554
1733 3046
2823 4236
4727 4383
1666 4150
2021 891
2771 4019
4240 1107
4781 533
61 4344
496 2840
2716 4380
1504 3018
1873 4402
4656 4224
4459 4370
2657 289
670 3672
2107 3611
1963 4407
3947 2294
2627 3645
2122 4300
3767 1589
3398 4019
2677 159
2386 81
2698 3833
3092 4028
1107 4357
2821 311
4018 80
1723 3968
4473 4195
3745 294
644 4289
2136 506
821 3939
2016 83
3793 3655
1309 2079
2138 4368
4310 4092
1788 4273
4470 631
3615 3336
3796 4352
2218 3995
1365 333
2479 4084
3470 4133
38 4438
4408 1149
4766 3119
92 4189
1637 4017
2057 4446
505 4463
2933 4376
4600 1075
2035 4407
289 4302
3421 4399
1510 2361
2556 3953
2017 4145
1407 4369
522 3675
579 4400
2448 2258
2092 4203
4576 3218
386 64
2601 4415
2850 735
352 3945
2831 3666
3431 3524
4011 3687
190 4361
2010 348
1624 4465
4495 3902
3787 459
4492 3883
3277 4178
3686 3539
4297 3898
64 4256
486 4269
3142 4057
322 710
2678 4344
134 4149
3965 3968
4246 4469
129 3521
621 158
910 143
4245 297
513 3391
1140 4490
2951 2959
4390 4477
3625 4471
110 4472
1014 4460
65 4433
4092 4328
1923 4445
3462 3027
4128 4441
1755 4534
652 3020
331 4206
4709 4488
576 4449
3955 737
4352 2939
1358 4528
4196 4346
4687 3983
2142 3199
2132 4531
2155 4260
1189 1214
2955 2086
4711 559
945 4010
970 4448
710 4025
4358 3988
525 3566
2456 394
921 4523
2497 4416
4470 3670
2577 2919
3080 4552
2945 4487
3393 4225
2924 4187
999 1244
2392 4490
1379 4450
1837 2967
392 216
2053 4529
195 2738
4436 4556
2897 3965
957 4562
2894 4427
2858 4541
4290 4506
4371 4054
1283 975
1309 3013
1129 4524
1262 3680
3312 4437
388 4561
1808 4074
3943 4176
4014 4551
1031 4462
2661 4543
2673 4535
3037 4568
3567 4075
1368 4405
2410 71
1338 4227
40 3255
1569 4584
2038 4122
2712 461
1902 4482
4634 4312
2592 4611
1799 2903
4676 4495
609 4450
4308 4593
2001 2890
2860 171
2760 4501
2688 4492
3482 2628
385 3488
568 4044
2019 4583
3268 4414
2240 4166
2369 4600
4354 3291
1891 4224
3388 4554
4010 4615
2488 4632
1241 4633
1632 161
2083 4124
2411 4601
3572 4642
1416 3031
850 4649
40 4469
4029 4522
2460 4628
616 4618
4202 4648
1650 593
3412 4598
1693 4643
2258 244
2652 4334
3368 4631
711 4479
906 4662
3169 4385
2440 4655
2796 162
1666 4470
1545 4646
1481 4596
776 4668
1270 4663
3886 4585
2691 4674
1339 4660
3684 1458
1641 3843
3639 3611
168 4699
781 4578
872 97
1928 3108
3942 4362
433 4633
3863 4696
2109 4547
4213 4639
3806 4707
945 4557
2797 103
2625 4477
1953 4705
1955 4667
4035 4650
4327 4393
1159 4679
3943 4477
2136 4719
1302 4405
185 4667
180 4678
3448 4726
2507 4663
93 4718
1825 4330
2375 4695
476 4627
1284 4716
1503 4637
704 4747
1518 4629
1527 4741
1199 4756
3047 4718
4094 4674
4116 4676
2911 4746
3378 4726
3914 4717
3080 4622
4221 4729
2592 4776
3416 4778
2958 4776
4644 4675
2329 4781
362 4715
614 258
3048 4749
3519 4779
2705 4789
2846 4759
527 4786
589 4710
1348 3550
3400 4766
2112 4791
3592 4749
2073 4798
