5200
4423 7800
6192 7795
4399 7792
1995 7793
5587 7771
5938 7204
5589 7709
3776 7736
3938 7785
2986 7757
4507 7749
5276 7767
1055 7785
7151 7759
786 7749
2566 7632
4570 7767
733 7753
4633 7722
6314 7717
2705 5989
2497 7666
6580 7753
461 7589
5096 7746
374 7708
3495 7658
3725 7727
2352 7486
4222 6993
5110 7659
3797 7665
4761 7678
1758 7726
1151 7672
347 7694
190 7721
3107 7663
578 7716
2248 7726
2524 7699
2788 7561
1902 5155
1805 7624
6497 7691
6753 7705
326 7695
4793 7653
6838 7625
6935 7709
5884 7312
4769 7709
5513 7637
2580 7678
166 7519
2393 7692
14 7020
6198 7528
965 7320
6988 6913
1433 7547
5721 7693
5222 7080
1768 7629
730 7648
4151 7690
2457 7575
1216 7362
446 7499
351 7482
4289 7676
3586 7657
7572 7632
4214 123
2899 7393
5908 7628
4031 6066
4756 7347
6710 7472
2783 6664
1779 7634
3659 7648
6075 7504
2673 6049
5591 7649
4120 7284
7487 7532
3264 7607
4920 312
4179 7608
1572 7607
4946 6106
5591 7597
7241 7633
2524 7493
3263 1496
2783 2141
6365 76
7468 7406
7624 6882
3105 7577
5444 7118
842 7489
5149 7414
736 7619
450 7594
1035 7564
4535 7433
3647 7535
947 7616
4966 7432
4840 8
3251 7530
3766 7575
3023 5643
6166 7359
5279 7605
7431 7396
4384 7615
6810 5966
3966 7199
5713 7576
657 7300
7526 7530
6218 7590
6945 7557
5909 7488
1576 254
7035 7207
1860 7556
1842 7453
2418 4235
309 6947
6576 4224
1513 7344
1598 485
5429 7399
439 7192
250 861
3987 7173
51 7511
5064 38
5404 7092
1400 7473
5638 7509
3006 7580
4672 6558
3329 7558
6937 7300
3058 7498
491 7293
4240 7044
1666 674
681 6999
1053 7486
3421 6048
1160 6686
6270 7393
3229 3417
6452 7442
768 6499
2520 7013
4247 7404
85 50
2153 7484
6788 1298
446 7519
3305 7386
433 7458
5066 459
5248 3494
3888 7464
3446 401
1459 7374
2979 7400
953 7407
7187 7083
5706 7190
3355 6976
7184 5405
4523 7425
6720 4985
4364 7275
6713 7478
5955 7086
3996 7004
3877 7373
4579 7455
5258 7444
230 6766
2160 7450
4511 7325
2726 7176
2999 7338
4606 7151
5994 7325
5559 107
4329 7424
1921 7188
7086 6753
2901 7378
7437 7312
5154 3585
7133 6836
774 7287
1384 7172
3393 2954
410 7215
5007 6769
3676 7318
5880 5874
6591 98
2279 7366
6909 3610
3961 7152
5130 6413
5852 7233
5733 7469
1733 7420
2025 7068
3692 7362
2300 7452
5399 472
5492 1848
2146 7299
4567 7208
432 7060
5773 7444
3817 7404
1975 357
5633 7350
5683 5757
4475 7440
437 6746
4369 7011
6904 6916
2041 7434
1899 7265
3546 7411
7656 773
2453 7295
958 7205
5896 7405
3581 7007
1111 7337
4385 224
6369 1045
7516 7225
7441 6955
7050 7202
7000 7222
5866 5864
2930 7409
3924 7213
3590 7407
4181 6743
2970 5246
162 7324
7209 5582
1936 6806
7722 6669
2826 732
7445 6934
3410 7342
5581 7297
5784 7186
3638 6408
1815 3125
4612 4621
2557 3506
3773 7084
7185 6203
7445 3931
6161 6716
4816 7212
6818 4486
7504 5929
4885 115
7551 6191
1196 1946
6769 7385
7543 6754
4705 6505
2188 6778
5857 6798
1345 7053
6344 5245
3044 6537
585 6407
2355 7013
3395 7119
7592 6677
6528 620
4068 7157
4528 1103
2840 7242
4191 6937
5665 6106
2670 7170
3625 5139
1788 7186
969 591
1936 7053
696 563
674 6918
1442 7282
4206 7245
3639 298
6313 7235
3262 5433
1716 7076
4312 3662
1267 6035
5706 5141
4878 2073
6166 7225
6925 7159
392 1940
3524 6587
2385 6875
4107 6757
5900 7054
4992 7071
4635 7190
3961 7271
4120 2198
7248 6871
4600 5369
7658 6910
940 6907
5724 195
1352 7274
895 4498
4287 6978
7484 6223
2013 6694
3345 7138
5484 7193
1874 7089
184 2079
4243 3054
4483 4448
2347 6886
3536 892
4900 7266
1659 7135
2498 7203
7411 7049
1172 7160
5392 6111
6909 7253
6697 216
3598 1647
945 362
906 7062
3123 6845
1893 6704
3112 4915
2039 6834
3724 1915
3281 4923
4184 6606
4826 6841
5372 7201
655 7200
5862 6475
7579 7147
1580 580
435 4650
7171 5058
1798 5207
4949 6792
3465 3253
4349 6873
6761 4065
385 7195
3439 7217
5721 6894
3652 7220
410 5572
393 6625
4770 5176
7665 6814
7532 6414
2363 7154
2294 2575
1617 6000
131 6145
6344 6722
2183 5613
4312 7047
1588 5582
602 6685
4490 624
1129 5781
2484 858
2914 1117
3193 7011
6585 6819
43 6957
6261 3905
5071 6996
5949 4312
2176 5910
3759 7155
5480 6185
5117 6842
789 6110
5952 5690
6750 7186
5621 7172
6107 5301
232 1358
6517 5017
6904 7183
7780 864
2440 7059
1592 5679
836 6928
4097 7047
5030 1182
2837 1634
7272 7037
6080 2038
5499 320
986 6623
5545 351
7019 5930
365 365
1893 4718
6288 449
7626 6100
145 7105
4887 2588
3858 5246
5821 5830
2898 5303
6979 5722
3003 948
85 1333
7015 6555
3822 6791
974 6398
1264 2570
6977 891
2386 775
3262 1798
3623 1542
3566 6719
3270 6115
5854 6509
2674 4727
6351 6914
4669 6663
5648 3593
7488 6338
7082 7047
4499 6365
7294 4908
1358 7106
2000 5140
4908 5523
6627 1470
4172 6781
5424 7044
1756 5767
7718 7089
2929 6859
1387 5214
6809 6212
2306 1400
4699 5832
1575 3239
1091 7052
3637 7094
1719 6785
2463 2691
2886 982
2926 5458
4682 6907
483 6557
5092 3283
2360 5729
2518 790
4087 962
1367 4933
5248 6328
1131 4269
4767 6844
3262 4988
5334 5787
6615 4439
1522 6110
1688 6716
4943 6892
358 6593
5987 483
4066 3230
268 6814
6874 6886
2425 2877
2949 6954
993 6361
3279 6420
5770 6915
2382 6966
1723 303
7685 4569
5861 6514
3074 4999
2223 2937
6401 1220
3790 2993
7692 5943
624 6200
757 6684
1456 6582
4612 6653
80 7022
1565 598
3006 1308
3904 4740
3220 5874
1514 5733
106 462
5931 6741
932 6931
21 6021
722 6303
2269 5782
7392 6522
1333 7013
704 5054
450 5769
873 6935
2593 6996
4819 360
4595 2233
5067 369
7725 6588
116 6879
7043 6249
1777 6997
1103 6873
3201 3298
3075 6211
6029 6704
4554 6070
3494 6474
2107 6958
831 614
6389 5079
6269 1171
538 6018
6750 5117
375 5389
2210 6441
6706 5045
1497 5724
3853 4938
5447 6887
231 2730
7256 6854
6077 6809
3028 4224
2060 6353
1108 6109
6588 294
4342 6487
5187 2759
2688 5190
7387 6496
6424 6611
7494 6484
5292 4928
1815 6263
7387 6275
4565 368
7629 6186
5987 830
6560 2405
7565 5264
5253 6037
3254 1667
7706 883
604 6802
7382 2953
5883 6830
6510 5412
6681 5892
1048 4484
5752 2745
5073 1446
3292 6603
2362 5552
4349 6214
6183 6489
108 1238
305 5335
3487 5553
6755 5511
40 2255
6760 4507
3811 6450
4737 6166
2499 5484
2127 6535
341 6563
7427 5791
4826 4566
1208 790
6411 6749
4824 1282
4737 5646
704 6734
6768 6697
859 4970
7293 6349
104 2223
2357 6792
1405 6821
3234 6369
5167 1315
6698 716
4604 6762
6130 6682
7420 6374
1332 6758
1495 6683
3971 6692
4821 6715
7073 5134
4234 2980
4882 1073
6301 516
3219 6711
6396 2817
5137 6770
1907 6306
1434 6766
2744 4772
2499 5765
5782 2527
1216 651
2284 4152
7134 5117
4742 6776
3913 5770
7482 5917
7330 5690
2661 2743
312 3651
2740 6533
2896 4969
2678 5355
3295 2722
2206 6772
4526 2004
6339 1530
2135 4583
5143 5677
1152 6638
1958 6545
1685 6478
4582 4968
704 6731
629 1197
4102 825
3360 6675
533 6286
1742 943
7498 5684
596 4513
6792 6581
1700 4029
1970 4353
3748 1004
3571 6518
4021 5799
7365 518
281 6251
7188 6537
1187 6226
807 510
5488 6037
1974 4748
7444 6302
4352 1505
3232 2298
6468 3862
7519 2746
5334 6671
2137 6270
3216 5132
3992 5771
2099 6733
2999 34
6630 6748
6971 631
1421 6422
1910 4226
3982 5812
5125 6538
2079 904
654 2502
5653 5594
5091 1007
2179 6573
1490 5909
671 5248
5592 6570
1951 6239
3791 3655
2084 2454
4544 5795
5434 6209
5498 6238
5774 5870
671 6534
5159 430
5932 2173
1836 4985
2872 4324
2444 6196
7639 2044
7114 5310
599 3630
3212 1901
5250 1140
2894 3336
10 651
4202 6402
6528 6590
841 5960
7367 6286
5175 2185
6186 4661
6385 6582
6445 6633
6624 3723
7211 12
6109 104
5902 5703
4406 5907
709 5761
1807 6053
7789 987
2247 6446
3486 3771
3796 906
943 6227
333 6482
5457 2212
3701 6400
2992 6362
7460 6431
1508 6205
1816 6335
4140 5717
1121 6150
2670 5566
2263 1865
260 5106
595 2927
5990 1434
2707 6332
5725 2400
6470 506
7769 4741
317 4973
1066 1100
7207 5729
2659 770
5496 6605
5712 3869
999 643
755 1227
5056 5967
2083 3799
1442 6163
5453 2346
1792 4184
5576 2487
327 975
1259 2023
474 4117
4746 6302
1647 795
6355 4769
4999 1592
2617 5322
3518 6326
222 2526
3045 2926
4897 6293
4759 1220
3875 609
2026 2624
3688 6432
2575 2654
6877 1778
4679 169
1756 4148
6599 1907
4656 3731
6992 6527
6217 1101
1392 5068
4156 5490
5491 1081
6624 575
5531 6055
1871 1043
3734 6549
2027 6645
4318 5984
4797 6566
1618 2732
1763 1601
6038 5029
3719 4599
2901 5066
6102 5144
3702 5659
916 118
1588 5953
2397 6554
6255 1208
957 201
6060 324
5855 6443
108 1593
1941 3
5216 3409
2875 5894
4886 1273
2079 5893
4973 1882
4738 1453
6606 645
6162 5617
229 6455
681 3578
6585 4545
3844 6037
4567 3046
3450 584
7225 4351
1628 5830
3405 376
7157 907
2282 1612
7033 5427
1126 2132
150 6266
656 1179
377 6215
2330 6514
1015 5951
6720 5663
3827 1923
3270 2742
6708 2654
2818 415
6269 6507
3330 6211
4320 6103
2750 5864
491 4747
3561 6097
6138 5566
2119 3574
3148 5787
3739 553
1763 6308
2309 5939
1363 3306
7026 5778
510 1530
3955 6461
3083 2775
4180 4881
1691 265
3713 4030
6144 5659
1402 879
3332 6226
6431 778
1350 3940
3573 5658
5041 5886
2794 1822
2287 983
4247 3632
5805 1714
1974 2539
1507 3461
5269 4956
4673 6327
975 4267
2264 5306
1304 372
2630 5863
1393 5140
2921 4214
1016 1967
5589 591
5091 1727
6897 100
6481 737
6126 436
399 4173
3095 5577
7660 6296
5211 5310
2870 5364
4506 6358
83 5973
6795 6375
2991 4418
919 5949
4957 3827
1929 5684
50 5746
1422 37
5927 3076
4783 6299
7702 5458
3600 2356
5563 5972
3414 6333
6795 191
6349 6277
522 4598
913 2873
5968 2146
7306 3673
1177 6007
3345 4486
1801 5113
186 4942
4110 3026
3154 5091
3304 5138
3912 6027
2075 818
2138 5865
1805 6160
4108 213
608 4674
5034 3448
1612 2686
7598 5880
6896 6216
5731 6507
501 5363
3080 4542
5054 6264
3790 6129
2029 6080
102 3147
786 3449
5849 2152
7228 1755
1197 1730
7105 1363
5882 5724
6366 2890
6055 2041
1361 4701
566 21
5002 5714
7009 5979
445 6178
5390 464
5774 6004
2786 1527
160 1150
2112 4661
501 1568
2952 2099
2989 1803
3139 2260
561 342
3212 4731
3915 3825
1467 5024
2372 1755
1421 3291
6258 1052
703 5256
5237 6134
2965 1672
4954 1381
5934 2911
6305 3835
41 5357
1782 5902
572 354
4838 3838
6536 4413
3918 4961
4173 1862
638 5971
2902 3771
625 6130
6920 5990
243 1661
3744 6255
2495 5195
6107 737
2917 1502
4413 2744
5527 4384
4833 1164
1910 5855
2004 4814
5415 2920
4879 6215
4048 5752
6136 658
762 4551
7439 5874
200 6211
1914 198
523 2047
605 1897
4038 1764
1790 1005
2883 4169
4804 1438
3807 5626
7255 6075
2503 4803
3614 229
595 2950
7339 6106
4763 5434
1023 3739
6080 5819
4024 529
4569 4963
629 6032
1820 948
1824 1928
7308 3845
4083 4309
2723 2091
3742 5836
3690 3212
3264 479
4566 5387
5017 5465
5085 6014
4146 5314
2801 6071
3903 5906
3921 1935
385 2364
5362 645
815 3169
6397 3103
2346 2100
785 216
1021 5036
2292 5663
3191 5701
6182 2241
1566 6315
1588 1809
7289 5608
498 2895
3066 2722
4593 5899
3299 6061
7361 5377
242 1119
3269 5811
7776 5768
6359 1766
1904 4520
5576 4639
2824 5488
4315 1483
6400 2366
351 4575
369 384
5375 5817
3337 556
7324 2918
1194 4954
4870 2173
4848 5254
4062 483
7718 5773
46 3439
1660 2571
5592 3165
3777 5919
2687 1635
1223 6050
2353 5401
603 3270
6969 5924
4842 116
7427 1798
847 2266
6336 4854
3022 5902
2203 1063
826 5221
992 5745
5031 5767
5354 5854
126 1124
4272 3602
1225 5294
59 5902
697 689
641 958
4110 5407
1695 5241
1515 2775
4756 5464
6696 3964
5924 4819
753 348
2603 5441
2173 385
2636 5677
6690 3180
6243 3013
111 4059
4409 5324
7519 5465
209 5436
2627 301
7348 4876
380 4017
7149 5798
2217 5851
7703 1706
489 7003
6338 6051
4694 1917
5787 363
1415 1654
2396 422
957 5091
6229 2272
1884 4598
559 4835
2989 1641
4517 3310
3075 3764
1492 5533
783 1610
6443 5217
7641 4075
4495 2070
4646 4734
4210 4793
6944 2126
3734 1622
4598 3448
1810 3071
7546 724
4497 4658
7795 5852
4354 3858
6011 5653
4502 3730
5774 2080
3087 4914
6174 5347
6915 5557
4398 2572
91 3624
3019 1847
6177 3697
7550 2412
7517 5152
2684 5905
5362 5637
5093 5635
2373 5381
1727 5703
4318 5845
5749 5756
6442 2065
3623 3295
2731 207
4441 2834
5679 4207
417 5630
4453 5319
2972 5634
378 3925
1907 5755
7730 125
3294 5910
3321 2630
5251 2897
5332 1124
7740 2751
1460 3989
2402 5439
2548 2398
1103 3929
1080 2802
3054 2013
764 2644
2548 4750
2822 3985
5226 5499
499 5269
3057 5597
2490 5679
5051 3144
466 2350
1456 882
5053 5141
1125 153
52 4192
6473 901
6828 3787
7537 955
2112 1203
4450 472
7099 1444
6369 5666
1414 5769
4533 4337
6318 2833
2907 1562
2153 5780
5433 4819
4748 1853
3889 3861
7317 1740
4080 3618
6214 4922
6705 5262
941 5261
4877 2878
129 5367
6193 5785
3071 4717
6849 3875
6189 4398
921 5410
6773 5556
4522 5500
3980 3754
3566 1067
3378 2483
6000 1235
625 650
3795 5138
2613 4365
1539 4862
2668 4335
4576 1244
1552 2152
5689 5502
5363 5762
3682 808
7744 4921
4702 2966
1966 3117
5437 1518
6388 1074
4849 4474
7232 2176
6206 3376
6823 5142
4701 2147
5325 6617
2534 5070
7584 1359
3052 3582
1414 2764
1122 749
1058 2482
2623 2435
7342 1064
4457 3406
146 5584
1829 5496
2527 4393
3175 5552
2001 3470
2821 5561
7216 172
4818 3657
3239 5162
3571 3481
6718 4819
1062 4472
7662 469
5612 3654
2180 5365
7452 3734
1762 517
3694 2692
4447 4941
2484 2604
4400 5441
3394 2252
5374 2348
1798 4858
6490 1070
721 5498
2625 5059
4549 3612
2245 856
2112 3480
4155 2134
3960 4923
1323 2729
2116 4732
5872 3227
4659 4061
2705 3411
247 2685
5318 4947
701 2194
3745 2079
4991 5158
3269 5391
1801 5335
3869 1144
321 2736
118 363
3485 4365
5853 3200
3501 5243
1980 3388
2574 767
5434 2242
4214 2724
1383 5556
7719 5416
570 4645
4412 2379
5686 5118
4379 3561
4253 4210
3107 5497
5349 1751
2820 1915
1244 5394
2334 5583
3420 4928
6477 2235
3454 2782
6527 5583
3816 2211
3276 4228
979 5647
1354 455
1031 3019
4938 1855
3441 1129
6109 2985
7300 4559
5484 3516
5034 2988
1571 1019
1185 5708
1545 5036
1697 5364
5846 1898
1723 5892
2188 4791
1764 3183
3608 4991
3091 1618
314 2091
3551 5272
6710 2801
7772 726
783 5240
4330 5681
4140 718
5685 3482
2699 2081
80 2953
4157 2452
5829 2334
6896 3626
3752 525
4390 7271
2990 1619
5793 5655
1337 637
6181 2183
694 2739
3350 5651
3747 4266
585 116
3440 3455
5427 651
3415 5554
3766 3788
2 334
3105 588
6185 5267
4553 1931
1933 2199
1457 5683
1931 1870
4246 1624
3585 339
3793 297
5900 5473
7446 5175
706 3284
5828 2566
5149 4001
6147 3804
6861 2214
5551 4073
6937 2272
6877 3612
993 4412
2513 1152
1994 847
1311 5464
4291 2744
3845 2563
6848 4907
7128 5641
2236 2273
3331 4806
3973 2955
1158 4892
2424 1856
2663 2899
2217 3230
2675 5562
3656 659
7604 1762
6789 4813
735 1194
1007 4897
2678 4620
1644 4704
4421 90
3843 4870
7619 1140
6464 5393
440 5137
4395 2311
1495 2592
2738 2655
477 452
6228 343
12 404
6440 1766
1212 4867
3613 3857
6010 5260
6893 1830
391 5341
5859 3770
6600 4464
1956 127
1502 2741
7224 1821
1630 1434
225 5388
6813 2563
3599 5091
6258 915
6221 2129
3081 5216
2525 680
4494 197
1354 1774
429 1131
5718 3233
107 5295
5686 3856
474 2089
5411 4562
4662 27
2445 846
1082 402
6711 1722
7577 3153
396 4104
3037 160
816 2776
6548 4715
5099 1184
3159 1709
3117 5537
6836 36
6948 4725
7423 3947
3232 3227
7142 2445
7105 1465
1396 2390
4702 4704
3766 5392
6549 3562
6634 5078
4426 4293
5284 2628
2163 270
6411 4936
1844 4465
3663 2324
1691 4650
1611 4287
2999 707
7726 2473
4004 2048
446 3956
7683 3661
1405 4396
3743 2882
1410 95
5574 5471
7678 5467
6750 720
3281 3514
5654 1268
126 4584
3592 5000
7408 1149
3895 2702
2632 5343
5464 4065
1119 2355
5131 4254
4404 5413
4978 933
1139 4967
3230 2959
4033 5370
290 5356
4109 3292
41 4929
177 110
2232 3982
4923 792
242 5489
2820 5100
1812 4531
869 2953
1641 6082
5358 4176
1252 5307
6183 3130
4932 2982
1884 183
3337 4848
3085 2063
3886 4110
6304 2882
169 3054
1900 2999
987 3973
480 2989
4556 4876
2745 410
4849 1037
5592 3411
3367 4984
1958 3569
5445 3297
3233 3036
1078 2902
272 4981
3710 3425
4795 1942
5694 446
4471 2029
3878 5036
6189 1927
1106 1548
5364 1630
665 5033
5265 2124
2945 3577
3868 888
5501 2566
3280 3274
2629 2615
1362 5159
2673 5398
1740 6314
2941 3739
6304 5415
1091 2402
3971 3526
1451 5289
6608 4869
7111 5037
702 3862
1046 2161
3767 5379
6768 3178
2563 3395
6729 3386
3452 2958
7245 1865
5109 3609
2511 3717
7594 2939
6109 5276
2104 3018
1896 4846
5487 3444
140 1469
1346 715
7565 5259
3417 4568
7363 1080
1682 6265
6834 1653
975 4330
1113 3904
3032 217
5412 3519
527 3595
6579 4834
14 3514
804 2894
5188 2754
1437 2284
7166 2867
2307 480
7138 5070
7546 3040
5777 191
5708 3158
1547 5617
6004 4183
879 3495
870 151
6011 5098
2304 5299
2048 7095
3235 3221
3886 250
1519 1379
2294 3557
6220 2456
6371 5137
5779 2449
4822 3593
1503 5237
2554 1392
453 4575
2496 3191
7529 1282
3662 5301
3355 5066
6366 3899
6493 4676
1575 1357
6560 3586
4133 3916
6158 3972
5536 1377
1871 4530
1034 4584
4651 962
3162 3067
4210 2710
2860 838
1422 4637
534 2905
5674 4212
1117 2789
5877 5194
1490 3525
148 3163
1297 5299
337 3261
996 1362
6847 5377
2667 211
3819 2139
4413 1550
5194 165
6378 5097
5982 1802
3357 3962
335 3930
3994 5272
5528 3108
1628 3404
5161 3492
3702 4484
6092 5132
6016 3459
7125 143
545 3702
580 2770
5259 3001
478 4457
1066 3532
3869 3093
7413 2285
6519 1605
1442 279
2130 3858
6561 4529
5789 5084
6378 2542
6353 1003
2118 2754
1135 7308
762 1562
874 5174
2436 5132
5624 3728
4646 4862
869 1709
2310 1375
5635 4671
1301 3011
3238 1722
649 2605
3876 1359
6726 4809
7292 3051
6309 1439
1132 4475
7554 4326
4585 3335
774 3050
3569 4111
4931 2888
2677 1256
3773 2136
3303 1628
817 4490
7112 3706
1326 5504
2209 5261
5854 3813
4413 4326
1088 2896
7481 3592
4406 4964
3409 1662
4788 4273
3276 1257
1382 5089
4632 2979
3499 923
5491 4646
3264 4251
5680 4948
7414 6406
7716 2661
3662 4144
4687 2369
229 5081
3657 4288
5114 38
4114 3949
4947 2422
7737 4623
5216 5175
2023 228
5094 5005
3707 3139
487 4846
669 2377
7547 6559
7223 2046
5928 4793
4856 4834
4921 4578
4965 2872
3829 2185
637 3968
3047 2376
7479 3386
5367 4722
6331 4886
966 3118
5276 2227
1016 3801
384 3414
147 2288
3776 3953
6769 4525
7271 4463
3529 1781
1667 3959
3548 2873
5269 148
2386 5140
6996 3123
5610 646
5941 4879
3370 5614
6298 976
2021 4289
7521 5124
3152 3033
829 3535
5344 4743
1330 5710
4810 7662
6873 1195
7239 611
1032 4347
6867 438
4502 4280
5831 3590
56 1731
218 4037
702 3569
1380 3063
6187 1659
4880 4952
805 4970
3217 545
2457 3784
676 2384
2934 2606
6590 4779
4102 2931
7624 1608
2016 3031
2102 3349
2315 6742
3415 948
3738 5427
4233 5061
4522 3498
3308 3893
1544 5979
2377 3661
4472 3969
5084 3305
4981 3880
4868 5807
1299 2356
3704 1435
3379 3362
307 225
5512 1588
7081 5892
4213 2560
4014 2814
980 660
3855 3397
5826 2374
6847 4287
7469 6253
3758 4734
3062 2409
5672 1493
7110 2419
7756 1653
6206 4120
4009 4204
669 3824
1726 663
279 692
2926 5881
824 559
3345 369
1427 1817
3537 4675
4138 1908
3385 2803
411 1957
1683 3899
5847 1438
4247 5344
4472 4556
2861 7158
5069 3502
6108 3608
4453 3328
1559 9
2912 4127
679 5096
7015 1967
7058 4519
5920 5204
5733 1045
4872 5703
578 3367
7124 1874
4523 3155
909 1132
5448 3458
4440 2186
602 2554
4588 4820
1286 4739
7264 4176
6291 1074
3988 2107
6703 3032
7573 2556
4273 3802
181 5726
5736 2803
3506 2381
7314 5502
7716 3042
752 2931
4352 4861
594 4219
3264 3780
329 723
5368 3190
2650 1455
3082 1398
3891 6698
5492 2686
4242 1936
7322 205
2005 4325
1109 3504
2154 1445
6361 4634
4033 2833
6290 4225
6708 4942
1404 7018
1239 3564
5774 3153
1864 3395
1669 4768
6402 2715
7783 4432
1421 1317
1156 3751
7172 3013
1026 2286
4840 4456
679 4147
3884 611
852 4144
2470 3762
4027 3062
3144 4086
6120 1289
5253 3309
6466 3590
7293 3004
571 5062
1175 2894
6643 3107
4966 3197
6709 1206
7196 3959
5383 4752
5080 3939
3818 3800
2151 332
4457 4897
4080 1669
7742 2796
921 3673
326 1360
3648 865
5219 4486
6891 187
5528 3282
90 2890
7026 1913
4861 2055
5912 3578
1053 520
199 3218
6746 3862
510 2891
3922 4553
1841 2152
5795 4076
4321 838
6575 4126
5180 7612
5886 4789
2189 4672
142 5139
7741 98
4898 4217
6719 22
1289 394
5921 4055
4052 4768
3079 908
4906 754
4924 4554
6299 4895
6980 3442
5759 3185
928 533
4437 3284
5411 3171
1066 3113
4872 4023
5086 4477
3532 3399
1889 4154
6549 143
3577 1249
7628 2547
2181 2124
1470 62
7107 4535
5689 3278
4616 5101
3935 3728
5768 3533
6400 4400
3434 907
3746 6183
6868 4975
7002 2654
3016 3418
3920 3962
1232 2167
3465 3984
2816 1950
2275 34
3205 5305
2479 5567
6087 5743
3044 6301
3161 2233
1055 4295
2921 4615
4567 4241
3449 4268
2390 601
7552 5406
5806 2999
95 1265
7546 613
1779 1412
6890 2849
4953 5153
6301 3954
7496 3027
1531 709
5801 2035
1966 354
4796 4377
3833 884
2186 3800
5814 1551
6568 4037
7047 595
5115 2580
1029 3613
898 2740
4977 3591
2492 3505
5025 394
4015 2466
3313 3136
6184 4462
7681 5974
1254 4450
4659 5308
3050 4943
644 3168
5008 2285
7424 3480
3996 4929
449 3773
2731 4342
1539 3525
1856 3305
4059 4381
6542 1444
5910 3074
5540 1784
7023 3394
3563 1738
49 719
4642 4453
4275 2205
6594 2658
4608 67
3700 3428
2438 4097
361 3954
5071 4709
2478 2723
161 3525
991 3984
2250 3826
4238 3272
2138 4555
5144 1915
925 3502
1927 3481
6106 3146
4779 2932
4183 1053
2073 1514
6692 454
7358 2128
5733 4656
3065 3022
5168 879
4249 3218
54 1192
4214 5717
6580 2725
4016 4178
2742 5562
961 3688
5093 4676
5022 4211
5815 4472
6389 862
5525 307
292 1526
904 1462
5373 2202
22 1548
1070 1133
2548 1901
2504 4712
6956 4328
1511 3960
6532 4090
5823 36
277 2614
3546 2883
4637 6745
1966 799
5210 4615
289 4094
1481 1045
3983 1504
2608 840
7251 3191
1942 1436
5240 3514
5452 4275
6177 1962
5414 4613
7508 2369
6723 4394
255 2454
1443 1488
1309 3013
209 1811
2563 3643
6567 5875
2908 1314
1033 3185
5641 3878
796 2430
4165 3049
6176 48
1549 795
6569 2485
6537 5675
3409 2506
2972 2613
7690 3971
2052 2946
5692 4561
6357 3818
2365 1447
1826 6127
3935 1228
2048 5185
6911 1276
4065 4705
7265 4605
3824 3729
1177 4309
3203 2787
45 520
1645 3727
1054 1198
730 2989
7611 1813
5282 1079
6565 4268
6964 3211
4229 4594
7438 3514
3056 361
6730 4179
6386 1567
1970 4535
3821 3273
2934 4087
493 3243
7524 38
6305 1026
3979 2700
753 3822
6429 2988
5279 3381
4303 2248
4288 5309
6342 3799
5895 1460
4423 3695
7794 13
6894 1928
3734 2773
7470 4850
6989 6282
7201 3789
5744 1125
2445 2680
7710 1213
6273 3941
1151 1985
4628 1010
2292 4378
3914 3537
2905 225
5976 3843
6153 1820
5452 5592
6452 348
4331 1353
2412 2559
4091 1928
1897 1102
3891 2690
4715 2248
1668 4164
2313 5039
1275 2726
982 2535
6772 4312
1339 4100
3992 1994
7296 3389
617 4263
1352 1670
6198 2685
4642 1842
6846 3913
6508 1951
2254 4318
2559 4506
3164 5579
3977 4866
5282 3228
4690 962
1893 1800
3056 2794
2122 3100
4987 1634
5192 39
4298 3830
544 1854
419 4424
2268 1242
6368 2831
6443 1850
6069 1011
2677 7411
3793 2284
3929 3453
4991 1503
1297 3298
3866 2
2428 4107
5969 5652
6229 4702
1126 5104
5599 3975
5244 6583
1755 327
1582 2196
2624 4042
970 3626
1496 4685
1653 764
6521 1923
5289 2717
6804 3597
2300 3910
7382 226
4391 393
880 3889
2708 1810
6244 804
3629 2094
5356 4147
6768 5222
6306 3287
6566 4828
1347 3318
7287 3710
5160 1215
741 2598
1844 4397
1281 4021
6871 1936
5749 4426
4196 3541
2382 3535
1584 3927
6364 104
2105 633
302 5124
4042 4170
6779 4450
7707 2958
3531 2509
5266 5276
5194 1449
1788 3460
4874 4098
7598 4019
7680 3997
6391 396
2957 3345
5603 1509
6199 111
4942 4824
4484 3085
5557 6121
2045 1653
601 3512
197 2084
89 4093
2399 2467
4837 4597
5897 4057
2179 3269
3934 2345
6050 1189
5844 2275
784 984
5915 4612
6277 4253
106 7464
5758 1668
237 3630
1181 2333
2732 146
7746 1511
5931 2464
1557 4327
7764 6623
5955 3723
2424 647
7501 6276
7519 3684
4383 4408
5776 1673
3056 3455
7435 3968
7066 7482
1890 4329
258 2940
2950 1120
1663 4601
2453 4226
7440 3911
520 4268
2009 969
6402 1797
5875 2730
660 3764
6208 3
2466 5773
2281 4792
805 2041
5066 3826
5166 472
3739 3808
402 3890
7055 5179
5332 3817
6523 3750
2468 3125
3864 878
1519 1316
1724 3605
506 3594
2980 5858
1687 4269
7165 1577
5666 1421
4995 3810
2491 3915
5633 224
6617 2129
1984 3781
1342 4819
6794 6384
3893 1522
2020 5870
4650 3735
5505 3863
6533 3951
3531 4698
6491 4185
3724 4019
3483 3673
1417 2411
7719 2979
2261 4330
1409 4198
1546 103
186 3800
4740 3939
5527 1105
5198 1502
4668 5459
7764 2876
3708 4174
3978 4126
3210 2945
1305 611
4209 1297
6430 2659
1717 4468
2912 772
3488 3442
6340 578
2021 3403
5112 1689
1241 4008
435 2017
3345 5278
5273 3259
1023 1362
331 1936
30 3128
4069 4337
227 4137
7424 2214
5182 1704
3781 4216
124 3879
888 2084
3631 3967
1229 2871
1995 1766
7796 3818
2479 3038
2265 3192
6103 3836
5068 1502
5946 3831
6439 3193
2418 4803
2371 2374
2414 4507
1101 2915
476 1147
4938 2862
3887 6537
2027 2462
735 728
3813 2485
3441 559
1965 2097
36 2175
1112 2398
4258 4150
195 3844
7551 2423
3773 1966
4438 5285
6663 2977
4662 1655
3142 3457
464 1060
5715 138
2570 3958
6378 4158
920 5477
7262 3752
980 3385
6089 967
2098 3437
5476 1540
6608 4059
6803 3566
3427 3489
6851 4045
6060 873
485 2852
770 142
1342 6612
7173 1868
1663 3884
4560 901
4494 1995
5633 2021
7382 58
7265 690
6012 3916
3714 3502
1988 2856
7174 5437
1328 3912
1746 5688
3355 1337
5930 353
6147 1250
5070 1870
3380 4353
5042 748
167 3989
1109 3618
7655 5469
2830 6940
7364 980
2645 656
5034 2144
1821 6022
1353 1642
6839 2473
5158 2835
1342 1992
2669 3051
6761 1603
5849 624
3410 3393
6880 2389
7172 3059
6843 2956
2601 594
5168 2405
3065 912
7096 2246
3242 4672
1982 6030
515 2997
1358 2437
6776 4499
6617 465
4638 1946
821 781
4589 1112
7435 2607
4470 1413
3344 1370
7162 1201
3155 5375
6803 4361
1846 1748
936 1202
6301 1290
2121 4827
1758 1963
7631 1131
4664 5059
3215 2675
3481 4942
2358 1221
3897 3426
2320 5706
5764 5326
2600 2489
2076 3804
2573 5602
53 1293
1197 1908
1411 1669
3379 2322
2787 1903
3001 3833
3190 877
4049 761
2519 2325
2031 1588
5735 3739
5064 3956
2151 1093
3427 4242
5792 1525
3920 1912
1168 4736
6779 4777
6193 2044
2156 3434
7599 7244
2359 6108
7699 1210
5612 1852
6165 1636
3209 5137
2391 4678
5160 1621
2660 6321
4605 3893
4177 5090
3289 6395
63 859
2909 2473
5256 24
1802 6867
4650 2604
3660 657
953 966
4959 2885
6511 2544
1671 3965
4745 2603
7333 3732
2050 6125
1351 2277
4000 2275
3808 4660
5532 4071
6153 3342
4984 2502
4573 1509
1603 469
770 1463
3034 2928
6304 3168
174 3678
1043 4980
6022 4339
4442 2454
7572 3861
1497 4787
6244 4928
1212 2571
7076 670
228 1250
7339 2346
7064 5550
6036 5543
5048 391
3637 4167
6831 2363
6731 4619
1799 1321
7154 5063
458 2741
7096 4040
2233 6110
4781 579
5241 1443
2366 175
4646 1300
2931 2880
7028 2081
7003 3000
6252 5054
2272 2591
2184 6504
4157 4191
4205 3343
3523 368
5913 7524
5512 1485
5563 4
1544 4701
4146 2620
7054 4570
3985 1477
3603 5454
5588 1987
4469 1559
186 1029
7636 4841
3519 923
2887 292
3747 3350
4684 3083
3632 5559
3552 2807
5479 789
7768 4044
2268 1285
3645 3545
5719 5398
391 1333
844 591
2338 3939
1256 660
476 5095
4813 1587
4614 1387
1547 1063
6071 2711
2856 2419
1499 1347
5724 2948
81 5218
590 2923
3304 4055
1363 6652
7360 6920
7550 1894
5311 4146
7760 68
2734 4105
383 21
418 4037
7187 320
1940 4531
2814 260
7540 980
4051 377
2247 2302
890 1209
3092 4189
5964 5223
2073 3211
2050 1485
2531 4126
5152 2579
2927 365
4209 1489
5478 1087
3622 2313
2949 1405
2284 1945
1105 3263
894 1380
3651 842
4348 211
3929 3073
5136 3161
3043 1962
2906 961
7170 5162
1263 2334
6094 621
5498 1904
4049 353
4769 5800
1597 1306
6867 1660
6401 2456
1341 941
6310 4073
197 2974
5765 3274
206 5198
3595 5690
4949 572
6529 2124
3866 2272
7627 2366
5317 4226
2833 2911
4127 4145
463 3994
6054 2152
4802 3241
6285 128
4572 2694
1894 1264
1588 337
5715 6598
1464 3953
7500 3713
5489 1950
4424 3194
4826 3002
7753 3005
1285 760
372 1162
1737 1750
5994 6517
1078 2081
5700 5620
5705 1518
71 4597
3308 5615
7290 4521
4843 4227
4687 2143
563 1971
1320 674
5482 2774
1122 3564
6962 3534
4932 3327
1013 3300
2717 2482
6257 7446
3739 2411
3438 3395
5339 1259
5302 2358
6239 2458
439 4737
6215 2168
6199 5373
7765 2880
6354 3966
1900 1805
3647 3518
2207 4285
1689 598
6734 4662
1226 5689
2772 3556
1050 3480
4209 3159
3321 1523
348 1380
4013 3210
2351 6066
6017 1754
565 1233
6691 2885
4224 3671
1743 1536
1157 5333
1426 5857
4521 2835
7108 4759
525 3568
3907 4247
356 5421
3640 269
1444 4084
5162 4143
4864 1159
7617 5140
4789 133
5410 3572
986 4264
6215 3908
7432 3525
199 3082
4240 1025
7240 3286
165 2941
1840 1889
714 2302
6245 3246
150 3382
4451 3361
6281 1596
3683 4132
4076 4048
3348 1707
4067 1712
6987 3979
4641 904
2110 4664
6541 2633
5883 741
1107 2991
7586 2270
3384 1643
3295 779
1459 3336
5005 6999
6452 2727
3466 2670
1460 4078
5996 1961
5721 4325
5653 1038
6974 5180
477 6052
1254 6312
97 171
6689 896
5447 422
4668 2080
7186 1977
1453 4614
3902 1107
2633 862
2866 571
1043 704
6726 2128
4267 1034
3858 3934
4898 4742
6889 6751
3779 2744
6122 5089
3531 4606
6318 4744
4543 3576
6548 898
3270 537
6515 1782
4033 2841
1033 5123
2992 3735
1986 3402
1383 869
5329 4433
3831 2178
56 4660
6513 1531
2174 2279
4950 6780
1917 4976
2728 3451
3693 1274
4014 144
2125 4461
2342 4407
3278 3185
7562 1037
4133 6311
4544 4303
5336 42
7459 1303
3504 1049
1460 2298
867 143
7102 3732
3910 3792
2071 6153
1379 462
3521 3802
7116 1345
3360 3543
5784 4598
2880 2146
3464 6187
4538 6168
268 1050
7627 4321
2211 570
5835 2843
6284 2374
4584 1645
3878 4944
5925 757
7368 1606
2894 3038
2112 2793
6702 2082
3574 1453
5211 920
3238 3174
1519 3945
5985 5087
6754 3521
2219 2696
4662 7499
5111 3587
7730 7634
5806 460
6190 3759
5863 410
2367 1416
6582 89
2411 2297
4776 2370
5543 4216
236 6402
1286 799
3174 2113
5623 4336
84 4773
1993 1255
6199 4841
6013 1990
4707 3681
7623 2060
5969 2995
1496 2775
1621 3002
4156 2952
317 1053
4473 2422
7205 742
1383 254
1639 4052
1031 2221
2868 2023
5681 5129
2333 2715
7088 3189
2993 6180
5357 4517
126 1621
1314 3819
2678 471
431 2324
2860 2514
7640 6928
6974 4536
2928 2717
6159 802
7452 7130
6671 921
5876 3038
3064 4309
3549 2537
555 1486
2850 3069
6430 1759
4072 3094
5942 6078
1418 1025
5689 1979
1195 3107
24 3916
6780 4391
7220 2687
7215 4434
3185 1053
3486 3856
2506 4246
374 4239
7173 4509
1328 240
2048 1805
7595 1479
60 2743
1126 1999
3548 4442
1307 2185
6272 2786
6343 337
1238 3756
80 4627
3716 4263
2376 2802
4163 2711
5387 498
6160 3635
5261 907
1919 2977
4013 4558
4288 430
6348 4047
7216 212
7543 2949
4872 433
317 4982
1753 5475
3322 3182
3817 4804
2770 2048
4604 4433
3772 3839
6755 1667
5682 707
499 1913
4825 1237
163 3265
1750 3691
1207 2600
1868 1875
5718 2641
1341 2205
6055 279
5792 3160
4120 3853
4461 4956
2557 314
5827 3916
4431 3620
3598 3735
5545 3800
5243 2559
2610 7205
5868 2252
3299 4860
6831 2035
178 3138
7429 3344
963 3818
4844 2029
857 2338
7309 1993
2710 2452
6436 2181
7141 2765
1599 3595
535 5214
6776 5100
2035 4749
532 4133
5531 3677
3262 2674
1093 562
3772 4284
3996 4570
1427 3631
218 3928
1179 4956
6013 2966
3742 6830
7178 418
703 2701
1477 1959
6456 4500
275 1755
5314 3600
3687 1043
1134 4954
4020 3729
4363 4594
4379 5308
5642 6774
4482 3188
2460 3995
870 1
4327 4679
1696 960
4146 2000
1454 3282
4799 1157
696 4409
3827 3845
7221 3645
179 512
4834 1878
341 1621
3731 2952
4417 1074
2845 2938
4306 2982
2648 4739
379 319
4865 425
1457 3289
5038 3590
4867 2114
2414 5581
6065 5663
6451 1085
5028 4226
4878 666
4889 4186
5091 799
3114 5165
5140 1220
3529 3860
2305 2691
5011 3390
690 4442
4099 2427
5509 6732
5448 4749
7234 4161
3926 2494
3312 3393
4259 5581
7623 367
1371 3650
6057 3609
3850 3433
3274 761
2736 5306
3842 4718
6546 4465
1264 46
3681 3806
599 3503
1696 3334
207 1199
3785 2444
122 3198
1428 3335
7578 3294
526 3357
4360 3682
5622 4009
3021 1868
6063 687
4628 1847
189 2102
5088 1050
2375 4551
7329 1721
5251 2792
1746 4247
4514 1521
2122 3550
4954 1183
2505 1428
3660 3255
6653 1503
722 2030
3563 3181
3595 2383
894 2468
2877 4611
4527 3541
7363 831
6294 2623
2696 375
6007 1147
3729 6219
6302 2250
5527 856
5564 1104
4475 3913
486 3975
2626 1086
3060 3691
7722 5574
4772 1535
1540 271
7083 2826
5147 569
5517 270
6049 1743
7192 3415
1175 2633
2029 3276
1548 5086
6887 3934
7613 4552
7614 80
2542 2043
2989 14
6570 7638
987 5270
3224 4248
4033 3103
5575 673
3385 3215
415 1079
1685 708
7582 869
5343 2076
7257 2711
5870 3662
4005 4693
1882 1959
2473 3693
7454 1378
3340 4839
3669 4110
81 3998
5080 6028
5738 6291
4652 476
1502 2845
287 3988
6273 5450
85 1371
7381 1864
7205 1057
7516 4865
1996 3152
3684 5839
6172 483
5681 3252
2366 4850
4689 922
3089 1243
4035 4263
889 871
7465 4818
2803 5722
6763 2607
6548 4807
56 4617
2428 3039
5218 3275
4271 1697
5962 2914
5868 976
4653 1567
2721 1154
7480 336
2354 1079
3113 5687
7294 1884
4817 5249
3870 28
5411 4001
2213 4564
4948 2522
1812 2449
303 1390
7352 2172
243 3999
1971 4654
1580 2256
6765 6096
16 4688
5894 71
3490 6984
6068 4790
6859 3651
3508 4131
3149 2244
4980 2690
5524 1572
5606 5723
2553 4216
6303 529
3652 2956
5662 5713
4783 2527
6819 1583
3682 3608
7673 3301
3291 3595
1394 2559
1622 2251
4667 3157
4823 984
7166 4614
3078 263
354 4835
2381 4052
1169 3556
3243 4698
4534 936
1463 362
901 4418
4362 892
7070 4032
6777 1309
202 3770
3179 4980
2182 4182
4856 4652
3952 3277
951 1697
2977 771
2548 4193
4796 1350
4311 3279
5593 1480
3525 3566
1024 4014
5216 656
6746 2563
5114 68
4108 4756
1083 3676
821 3573
3048 1981
7652 2528
2356 1033
7705 1623
1977 5627
5834 112
4802 2672
4768 5501
7766 649
945 2432
7372 4049
6081 5558
3580 690
248 4580
3984 5200
6192 2427
1902 2901
4265 1146
4821 4958
7507 4295
287 1975
4648 4088
1297 263
667 5050
2224 1875
7017 2084
2755 3197
3165 2733
576 5058
2984 2019
7491 2091
6037 3535
2590 3217
2822 5335
4942 5040
4684 5765
53 4493
3949 4974
7516 5580
888 2777
1295 2457
3218 6378
169 2881
5922 4875
3476 4247
5006 2316
6965 189
5522 45
63 1765
1294 3102
2135 2794
6122 6807
5883 2071
7456 2572
281 399
6062 1506
1834 5979
7534 4740
7096 2276
5025 4872
6866 4454
6725 3490
6843 1942
1338 760
6015 5716
299 986
763 4905
3189 4660
3877 1353
7616 4884
2576 3929
2768 720
1095 4725
2361 2976
1503 3414
2458 2965
4375 2201
2145 1965
2316 4516
669 4042
5465 4391
7217 2633
2165 1812
449 2543
5025 1876
3142 261
2604 4378
1960 5143
2955 695
3205 3325
5086 1715
3524 3755
1386 2204
652 1054
5702 1947
5550 5187
1083 5836
851 614
7763 2392
5385 3530
5813 5667
5231 5331
336 142
5953 2977
2985 4744
2391 1303
6561 4102
1995 1705
6438 2878
201 2091
5657 4328
2191 1535
3289 4304
5601 4090
1768 4221
2130 5772
400 2256
7601 2934
114 174
2959 1609
3033 872
1255 5976
7452 1385
4147 1961
427 3800
197 5183
3285 4478
1727 545
1686 584
2851 3042
754 4729
7711 669
3113 4250
4732 2570
6105 4251
1724 5213
6181 378
5842 2260
3762 837
2175 3343
1118 4751
5999 4756
380 794
2303 1426
1975 108
5667 2938
5202 3969
3930 2180
774 4753
1821 3529
7347 360
1246 1124
5270 5155
5452 5265
4813 2839
4956 3014
3218 2000
1840 4702
6559 4933
5145 393
4201 4434
4891 488
4959 116
4218 4019
1703 35
3102 3205
4359 5770
1279 2452
649 1004
1676 4352
3885 4756
1486 2337
2063 4096
2607 5494
4513 983
7562 4791
4868 4723
3119 3957
4209 1828
2831 2662
2192 3713
881 1626
5720 2185
4184 5109
7713 4768
3231 5922
4843 4168
62 2621
7500 1316
4343 545
5332 1704
6848 3529
6403 2929
6505 2243
3680 2562
66 4980
1769 1260
2538 3778
380 7022
7431 985
292 1046
697 2583
4784 2793
3378 4950
6658 64
2433 2574
3048 826
3470 2934
7094 827
4456 3092
6693 2384
6682 497
3177 5255
3934 1528
173 1559
6365 287
2329 4376
3564 2340
5745 1633
7218 1871
1187 1431
271 4522
1106 5172
6427 2721
1369 4791
3681 663
5930 1811
3083 2806
6638 859
6956 5014
1012 1233
2172 3519
2832 1361
3339 1450
5168 4678
1565 1914
3955 5969
1261 2106
4167 4239
2584 189
5141 3021
434 5370
2223 1364
6766 2821
6741 4847
6298 1862
5735 2668
2297 4603
4463 3384
2311 570
2253 4581
6497 2279
3647 4282
4079 3042
1751 2164
7606 2667
6009 5246
6154 655
6059 2960
2162 4143
4977 7466
2549 2026
6247 72
3654 5140
1193 2193
4585 2888
446 4159
3836 379
7146 2350
3425 194
2583 3837
7795 4905
4047 3764
6720 4904
60 2284
2504 3927
2011 4076
2911 1568
1874 5694
3576 849
2418 424
3695 3891
680 1936
5934 1389
7787 3108
4952 5339
3698 3712
7795 5901
2904 175
6863 2323
3046 150
3112 2460
2113 5063
418 2795
5441 1978
360 5287
5944 5101
4387 5184
762 5363
2009 2921
3853 3598
6303 2205
4954 2577
591 1602
2175 2606
1797 5428
9 4653
1635 5166
5150 3173
5276 996
6060 4790
5994 1189
7710 4345
2210 5342
5984 3085
770 1129
2239 3411
6692 1628
7500 1397
5783 5273
3710 6625
1642 2512
4157 896
7258 223
5627 5500
5876 3086
3657 4967
1339 1237
1775 3510
5910 5114
2709 736
6239 3513
509 5109
7148 2109
1815 1172
3493 5164
2875 4420
2083 1950
1626 76
1046 5771
4809 1622
5480 5152
3849 1408
6475 5521
1908 1325
5912 1904
3551 5490
160 492
4512 3837
7571 598
7134 2654
5303 2772
2823 3435
5949 1951
1448 3487
5533 1981
3025 4730
4847 676
3601 3916
7175 1176
7313 2267
5198 6101
306 3668
7356 6353
7393 5417
4320 6724
750 4667
7140 2690
1306 2789
76 4376
672 5194
7678 3557
6110 3478
5703 3299
6257 3342
3784 4234
5149 2755
5561 661
809 5348
610 5439
5307 1960
1857 2770
2889 3903
6815 2358
7386 1295
686 5393
5973 4806
6560 4526
700 2882
4629 1522
7594 4866
6636 2877
7333 4824
2096 5815
4636 2197
7590 5532
7230 1743
5804 3773
1482 5483
1972 968
214 4750
3156 2212
6033 6720
4325 5512
5433 2815
6918 1029
3327 5187
7565 1057
6455 4838
6826 509
471 1400
4650 593
2528 4723
3152 4829
4739 1394
6070 2889
4193 4505
5751 4673
6508 2994
4532 1009
339 2603
3852 1479
2793 1972
1993 55
7790 84
5049 2618
7786 1092
4931 5336
7062 4723
217 3350
1475 4644
4134 4660
3751 4228
652 5012
6572 5643
2724 2488
4016 1421
4622 4253
5277 3649
6109 4997
4525 4298
906 3619
5006 585
6609 4122
1116 5524
5283 355
6890 7189
4470 3707
5300 5657
5427 3169
527 5321
2392 3549
7187 5295
3638 4593
2664 1674
3998 5590
626 3837
1628 1568
3230 3879
6673 4919
4466 5385
376 2331
3954 1875
4368 5198
4600 4229
6318 2688
1068 530
4114 3892
1860 5376
7304 1776
2833 4482
1474 5371
5360 361
7447 4740
4195 3618
4185 5424
1821 5567
4569 2822
1664 3260
6324 3311
6881 3832
4042 3998
5240 3731
1451 5321
6619 3041
7124 5066
6705 1439
4572 1498
1810 2338
5335 7598
7091 3201
2254 4747
82 343
7252 1914
4978 5722
124 4598
1902 4187
955 5455
791 5324
4548 4651
2493 5970
1633 5595
3139 3475
6331 1544
3558 6133
6217 2326
3467 407
3592 4490
109 816
5603 5322
5399 5538
2927 5114
6477 3061
4947 1453
1775 3837
6503 4560
7063 3660
2431 1139
5634 1321
5676 634
750 2337
4629 3392
231 5180
6731 1330
3230 3431
3745 4494
5476 343
2071 1526
2179 1661
4683 5300
6296 2141
5787 4654
5001 2956
7063 1475
6465 4342
7341 4139
4895 284
938 3402
294 1173
6898 1250
1934 3962
5699 4457
5734 1391
3997 4564
4230 68
3282 1633
2937 2819
5784 5678
2408 433
931 6239
5711 74
2999 4159
4213 3287
5702 2324
4166 5748
4910 4692
3573 106
2459 1581
7065 1241
5534 4094
1856 2383
889 1214
3026 5770
6622 1244
7391 460
5680 5200
1939 5464
6570 594
4079 2432
2361 4959
826 5323
2508 3191
2792 3167
3815 2019
5848 5511
5380 1405
6872 5659
989 1171
6979 4682
6487 3099
1761 998
1214 5959
2293 5612
177 370
3685 913
7564 825
4888 6589
2327 912
6072 4306
4961 5075
2449 1929
6589 3262
4830 2424
5868 98
4401 920
6772 5620
40 5655
3778 4906
4901 4528
5635 908
1843 5765
6021 4429
7362 5336
2792 4416
7423 1282
5987 2172
4935 4072
2984 4813
28 5625
7538 1364
177 5911
1830 5449
5141 869
759 5221
7425 1061
1938 4945
3875 3971
2717 744
7504 4063
6566 5515
1672 877
7291 3935
2585 3414
6526 5623
109 3668
5490 6110
3988 797
2462 1008
7488 5692
773 2269
4465 2349
2051 5779
5488 6199
4758 5084
7186 2957
832 3929
7282 5818
4836 3546
4786 681
3156 2297
4686 4821
1626 4383
6851 140
5884 809
140 1673
1280 1329
7711 5935
6241 1114
5356 2285
891 5505
4617 1048
5359 4840
2227 508
3505 5535
4774 2003
2560 1869
2828 1561
6388 4261
3209 4808
4493 4854
5757 3996
6935 1979
1025 328
821 1797
5535 4351
5417 409
6409 565
3570 1505
1194 1076
2986 3880
6583 4659
3542 5717
3745 530
5203 5921
7195 6793
829 944
532 5743
5050 3312
1885 237
566 5400
5818 5503
3140 601
4244 4127
6462 6900
4045 6024
2732 192
5128 5552
5896 5229
281 5108
6118 1849
143 617
4040 2086
2482 3114
5698 956
691 1533
6055 5991
4579 3606
2901 5883
1368 420
5292 5548
5135 5482
1053 5740
7202 668
3486 5933
3548 579
6954 5960
1938 2304
6887 3146
3590 3203
106 5891
3866 5224
777 2540
4103 3421
5071 5874
3110 4841
7473 3605
6095 4654
4149 2216
7321 1512
307 16
5974 5546
5091 4899
2554 3308
4161 5869
5081 1302
5287 1114
4790 4067
2755 2424
6694 4052
2192 5880
493 3922
4161 3547
5484 5918
370 4691
5385 5790
3647 5129
1128 1736
6139 5986
7629 1869
1596 6100
1863 1239
2912 1618
4913 112
898 1433
3174 172
3807 4220
6160 5580
1794 2804
3988 4315
2254 1274
5822 858
7655 1029
6655 5215
3041 5561
5483 2509
2141 541
2365 5223
2408 1726
3675 5403
5320 5802
6757 6031
4251 7159
4135 4396
3818 5844
4470 978
6976 4418
7682 1752
4820 3869
6138 380
209 5081
2845 1319
537 484
1187 6138
1842 5638
1738 3187
1355 2594
2767 2139
1665 5425
2539 1143
1524 6041
3575 3012
5780 377
375 282
424 5605
1964 20
2081 3562
5550 2109
6271 5279
546 1152
2850 5726
4982 1752
3113 1456
4037 1052
1270 5826
7192 3542
4743 4005
5024 6099
381 7156
7344 6133
4184 4450
5112 45
3757 2033
277 3553
5037 5360
6380 3432
850 875
5842 4531
4907 6051
288 1666
417 5714
7157 4556
986 6104
1905 4287
5986 5849
5106 176
3807 5374
5566 2477
4789 5873
4010 6050
3134 5558
1702 726
4738 1058
1047 1546
293 1129
3221 5205
5687 1517
5761 4496
1773 568
7106 2617
3775 4686
2206 6020
7165 6873
898 1519
1152 5380
30 54
6309 5568
4849 105
5930 5920
2221 6199
6639 4911
5356 3221
6161 3929
4362 6081
1221 6127
165 2339
7744 4594
1365 5797
2713 4849
4953 5183
6871 3073
422 2109
2276 5734
2006 1685
7483 832
1999 5889
822 5080
2145 1646
5406 6020
2880 5740
647 1191
3060 4051
2918 676
1799 1240
5304 4413
5981 6111
5221 5542
7400 650
1718 760
3896 1897
5271 2453
6490 5030
6801 1090
6055 5231
4888 6657
5224 5065
4708 4671
2428 5171
2915 6154
1733 4246
4508 2056
5688 6237
3822 6030
4161 4727
2229 1219
570 5744
7157 6205
3707 4097
7013 6224
5912 2045
3910 4343
2158 593
4028 6173
6454 1302
4728 5754
7639 2273
6956 5347
337 5582
2426 889
6705 595
5197 2316
7679 4857
1489 6083
1474 1777
2211 6220
458 3364
657 1111
2247 5434
3370 2167
4176 2461
4607 5618
157 6225
507 5900
581 3942
2341 3376
5383 916
6138 6001
1543 4192
638 470
6097 4852
4479 5384
6145 2551
6058 6471
2967 5776
1247 6087
6717 5900
1812 2904
3278 3411
2009 966
7714 5363
4859 184
7673 2530
4503 6208
7363 5373
7590 3437
3025 1603
3128 4901
6836 5756
4999 6376
2927 3370
553 294
6576 709
1079 565
7703 1430
7186 6136
1842 4674
2265 2310
297 412
6881 6001
7601 5849
3249 5351
3485 15
7408 1021
3515 393
5650 6239
4073 5192
4253 1338
1016 3370
1371 1283
698 6444
3994 4566
590 5981
6042 5340
6025 2469
2616 5468
3792 6110
3624 6432
1472 6114
3294 6316
5239 6426
1013 2070
5831 5314
1584 2875
666 340
5823 6444
3288 6226
119 4474
3617 5973
5812 3845
1969 850
3732 3168
3990 7286
3800 5834
6633 5982
6060 1573
7063 1115
1994 1201
4063 4807
1627 4813
3078 6315
6630 4150
5540 3049
3058 1336
655 1423
2425 6261
7447 5662
421 2295
566 1258
950 4048
190 3161
7090 4378
1576 6514
5891 5269
5530 6098
5517 3338
7637 5793
3097 6142
1490 1055
6951 2134
3821 5932
2868 2959
710 6309
2820 6180
1755 6284
2712 5391
3389 5786
1504 1362
3523 622
4942 1593
260 6080
7453 6329
7152 3677
3936 5970
3007 1539
2908 6263
7111 1021
3447 6090
1263 3770
1064 6545
1097 1995
2310 4975
7000 5918
6428 1000
5124 6473
4035 4626
1906 4922
5557 5365
3559 2805
2150 80
3758 6148
1066 5315
6832 202
5761 6407
5362 428
7365 5838
6050 3479
5957 4886
4153 5667
565 6286
886 1845
7678 147
4947 3031
1299 6570
767 6376
2386 6347
7047 5835
3465 6235
3078 6447
7761 6255
2158 6535
5812 6398
6834 5115
3979 2483
610 5692
6422 6426
6340 7198
5785 2824
2557 610
532 6066
2121 2214
2733 1661
3165 2868
5877 5566
2858 1457
3557 1230
6463 1984
3180 472
4021 4511
3316 6089
440 6223
2309 4949
5522 6154
7751 6112
4324 1022
5545 6272
4231 5828
3328 4828
6533 5348
1292 5353
3760 5064
4090 5806
1402 4404
413 3022
2789 3739
7640 2562
3724 6654
4882 3009
7566 1731
1356 1957
1654 6221
4280 1777
2446 3269
6634 6092
7264 6056
1755 1010
7610 6529
6895 4466
4123 5842
5690 5630
4553 5855
6708 1509
3783 6122
6054 5753
1436 6931
2279 4573
7338 330
4824 5220
4207 4651
2102 1736
586 5486
1277 6200
5668 5635
68 6359
5035 2189
3172 6689
6565 3450
4485 729
503 6300
2264 6694
5321 6189
1731 1786
3900 6608
1211 1179
6321 2937
1064 6563
70 4272
6804 6693
6581 3875
3062 6201
2473 6060
6943 6578
4947 6614
4944 1459
6206 3349
5631 2827
6915 666
5973 304
3707 1435
759 4567
3090 6365
4521 32
1195 292
2918 6411
7159 4079
3843 2016
6296 6717
7245 2840
5558 2788
6762 4087
7151 3525
778 6574
6570 691
6149 5942
6809 5175
5319 1997
821 939
4891 2112
2070 5954
3908 181
545 1413
2747 6687
3069 4711
104 6547
2269 6417
2917 1026
5064 861
7225 281
4310 4706
1646 6523
1364 2722
150 731
90 5082
6004 2833
3761 6448
107 6392
6746 4497
7649 6017
4873 3892
1986 506
6617 1059
3715 2662
3055 522
4646 6233
1498 511
1871 6760
5496 6569
4799 6514
6109 6279
5050 6531
2172 6481
3161 1331
3756 4256
3434 5296
1159 2921
3937 5961
7538 6100
2341 6761
3493 2243
776 7058
5524 3248
2346 6442
6535 5727
4723 2096
1964 6249
6996 482
6702 4125
307 6011
4361 6428
4387 340
7539 6583
1416 3683
5550 5240
5141 1993
2757 6600
7716 5840
3707 6849
265 5197
3807 6721
1614 6623
4196 3470
5429 6230
4832 6520
1923 6263
6022 6208
7379 1219
195 5685
5901 5996
6679 1684
3581 464
4014 414
436 6662
5587 5988
3692 5972
5979 4206
1130 2472
6251 713
87 1985
2003 5187
649 6386
355 6660
7712 6334
910 6211
6563 4390
6289 6846
994 3557
928 6347
338 6714
2022 6491
3769 4598
5185 5308
4487 6892
2086 5785
4507 1900
2600 2401
729 6469
2883 6269
3494 6408
1174 6823
5565 6599
7136 4787
669 6224
7208 5326
1143 6320
2842 1168
6884 6662
3516 6871
5946 4569
1158 6745
3869 6252
6314 1834
5820 5666
7523 6392
2444 5458
284 6288
7697 6731
3006 555
4066 1358
3374 6372
170 6767
7098 6453
2202 6654
1246 6109
2969 4863
652 2346
596 6783
6425 181
2727 6355
1228 6898
244 6542
4326 6563
7564 6922
7161 4658
7227 6782
3062 6080
4967 6820
4008 656
1163 6476
255 734
5911 6559
4610 3832
1522 990
6743 6932
2709 6534
6547 6854
3099 6640
4361 1061
7357 6082
6040 843
2055 6102
6065 6767
1770 5733
4357 3334
7219 1135
7485 1442
6877 5648
6939 3194
7148 5584
4346 2402
6009 2607
2650 1649
7754 6776
2311 6627
5692 553
7278 5888
4970 3737
5087 7003
291 2945
2138 4324
2229 4589
7597 6876
7266 2835
1993 6613
2396 1752
6362 6958
7172 1345
6609 6590
2665 6994
2486 6487
6037 6660
570 2577
794 5994
3934 209
7260 2141
2813 28
4861 4944
6270 1023
3338 6995
7529 3865
2426 6159
4051 6095
3596 6932
3511 6829
2298 7018
7373 6933
7416 4116
6939 5140
1232 6612
568 6712
6243 7073
218 6787
807 431
2670 1231
931 4369
3066 6799
6310 4161
5891 5910
5581 7460
1613 6825
7543 6654
1527 6617
907 3214
2664 3224
5650 6219
6842 2536
4645 3435
6761 6821
7244 6689
2731 6699
327 6317
1802 6448
7725 4508
2384 6526
7327 6600
3632 6905
362 4115
109 7023
5572 7076
4029 6747
5615 5606
6269 6374
3432 6677
300 7125
1855 6924
4019 5354
4145 6887
2780 274
6272 6697
4669 104
2828 6927
4863 6382
6768 6205
2623 951
6318 5866
2443 7110
158 6652
3936 7119
7741 5614
15 5663
6032 1355
3597 496
3568 6747
436 6680
356 141
6135 2481
2083 6524
4861 5106
3958 6893
6595 6371
248 7154
5311 5953
6518 6600
5163 6467
7311 6226
3250 6869
4615 5222
4152 6113
1167 6761
3131 7106
599 245
2229 6773
2452 5170
1410 6948
7162 7169
1072 417
3506 6784
2361 7058
4306 1467
6319 7111
2889 6875
3117 6978
1553 2266
1154 7117
875 6724
2536 2341
5571 7139
377 7059
4985 7163
1247 3707
6445 7196
6369 6649
2490 2106
226 7063
424 6919
7228 7117
6224 6645
1928 6692
6341 7129
6817 7154
5742 7132
1005 6698
2766 5690
639 6704
6700 6271
6124 6382
3257 6996
3604 6965
625 271
266 6565
1342 6719
463 1888
5146 6785
2993 6976
7209 6850
3930 6882
64 6257
7527 92
6293 1798
4938 7136
3249 4649
7686 6669
5723 7018
7622 6646
3861 1338
889 6516
4591 4456
2907 5054
1094 7156
6083 982
3595 7038
4900 2344
5470 6203
243 6725
5423 6245
3390 5502
906 6780
4758 376
351 6570
566 6051
2035 7062
3852 7263
6340 6817
3884 213
521 6161
3413 7186
2233 6439
5537 7246
2898 7021
1616 7058
7383 7242
5005 2078
6679 7264
7711 7275
2341 7091
4701 6972
5919 7162
6033 5738
388 6037
5093 7151
6286 343
5924 6310
5334 7249
4429 6859
2990 7133
2187 797
861 7196
6207 619
4899 7012
4244 4772
1189 510
6507 6117
3798 7278
6076 952
6731 6576
3660 5169
1353 5626
6486 6934
5571 5761
7732 5699
5308 7257
6389 7179
2129 7309
5048 1083
7166 7104
4337 7248
7270 7296
4871 7246
3756 5810
1747 468
6570 4904
1045 5904
4568 7145
7585 6811
5601 7304
1404 7216
4544 5656
5300 6460
288 7296
6745 592
7386 4235
1504 7140
1290 7152
2601 7199
5218 7280
2085 2473
7 2754
7137 7080
7376 6468
1563 7384
5225 4736
7249 7192
5282 398
4170 7311
1208 4523
614 6858
4272 6861
5936 7330
4722 961
5381 7136
6571 7075
5975 7095
289 171
1227 6981
2608 847
5414 6868
3246 7292
5171 7211
3331 6912
7260 1028
6302 5936
6835 7236
1385 6994
4648 1796
2104 7287
5197 6861
5004 6028
4667 272
5595 2099
4286 7316
1382 427
3190 6656
1678 889
937 7404
4750 7152
6868 7371
7562 7198
1622 6597
4473 7426
1785 5743
3434 7427
514 4232
396 2634
6665 5581
3366 7141
4260 7193
3224 7105
5225 3317
4451 7426
7388 7048
3332 6648
4440 6986
2364 5723
7334 1771
2902 6323
5774 7249
5678 7450
2759 1855
7403 7330
789 5041
7448 6938
7047 7415
7143 7325
3741 6291
2798 7297
449 7176
5512 1557
2848 7243
5001 7415
3887 6288
7429 7292
3492 7264
6294 6585
7101 7266
6850 7337
6114 5575
1202 7346
5250 7287
3396 7256
2103 7478
6248 7297
1116 7372
4142 7031
1886 868
3422 6874
3204 7076
2898 7481
7494 7458
4254 2963
4637 7409
5503 7049
2166 7442
571 7421
6189 11
1239 7411
1302 7425
6211 6808
3812 7234
3727 7277
5787 7325
765 7245
5930 7525
2313 6991
1247 7261
886 7429
4071 2783
7636 7020
267 7445
436 7508
6186 291
6164 7520
3897 7326
792 576
6100 7508
4024 7101
5247 30
2367 7349
6542 7354
7743 7095
4322 3556
6324 5399
6937 7207
3387 7558
300 7465
7146 7518
2396 7565
4893 4979
7239 7453
1998 1
5562 7006
7172 442
223 6401
3997 7252
460 7555
6345 7408
2813 7544
3653 268
7314 7447
7640 7354
7395 7388
1158 6906
4258 7480
3190 7540
4994 5300
214 6826
4473 7591
4073 7596
5333 176
3142 7509
7478 7579
4065 7578
5415 7536
3036 7188
5020 7559
726 7586
881 7485
3099 7584
6157 7584
641 2582
5610 7104
7388 7472
7673 7554
683 7608
3349 6760
384 7581
1838 7612
1160 7408
3124 7275
2967 5712
3917 7618
1426 7529
3225 6877
5441 6725
2912 7576
7132 7163
6548 7605
1151 7489
3275 7612
2399 6864
4524 5501
412 7573
5794 7409
4061 7323
4868 6766
5781 7013
328 2321
3911 7152
3152 7628
5901 7535
4500 7185
763 96
2053 7421
4347 7472
6713 6724
5492 7212
4120 7594
2317 174
7160 7650
4078 7638
4205 7610
5680 7639
1870 7663
1515 7029
3 7551
2611 7617
4775 7607
7165 603
3067 7671
3065 6117
2468 7673
2724 7457
2831 7463
4642 7670
4672 7648
6302 7659
7066 7568
6601 6317
7743 7155
3084 7593
3756 7234
5426 7567
5086 7690
2759 7661
6556 7684
3950 7642
4914 7659
5722 7679
1941 7553
5086 7533
6121 7609
5303 3792
1037 417
2537 7118
3387 7699
6374 7660
3640 7707
1615 7680
4460 7686
3721 5835
4764 7250
6446 7709
806 6523
863 33
1457 7717
1720 7677
6750 7621
6307 7573
2981 7601
2707 7711
940 7630
3237 7536
5863 7708
6497 7565
1959 7671
628 6826
5179 7752
4280 7742
5407 7720
4818 7749
7295 7389
516 7755
935 7710
6354 7768
793 7769
122 7550
2084 7727
6677 7762
7388 7746
2307 7731
1471 7772
440 7736
3884 7786
6527 7786
2293 7778
2986 7787
1679 7789
5388 7781
6892 7792
4430 7792
3090 7800
